{
  "metadata": {
    "created": "2025-12-13T01:13:39.906Z",
    "source": "AI feature weights",
    "num_animals": 50,
    "num_features": 85,
    "mean_distance": 18.4280639823497,
    "beta": 0.05426506012556689,
    "formula": {
      "distance": "d_ij = Σ w_k * |x_ik - x_jk|",
      "similarity": "S(i,j) = 1 / (1 + β * d_ij)",
      "beta": "β = 1 / mean(d)"
    }
  },
  "animals": [
    "antelope",
    "grizzly bear",
    "killer whale",
    "beaver",
    "dalmatian",
    "persian cat",
    "horse",
    "german shepherd",
    "blue whale",
    "siamese cat",
    "skunk",
    "mole",
    "tiger",
    "hippopotamus",
    "leopard",
    "moose",
    "spider monkey",
    "humpback whale",
    "elephant",
    "gorilla",
    "ox",
    "fox",
    "sheep",
    "seal",
    "chimpanzee",
    "hamster",
    "squirrel",
    "rhinoceros",
    "rabbit",
    "bat",
    "giraffe",
    "wolf",
    "chihuahua",
    "rat",
    "weasel",
    "otter",
    "buffalo",
    "zebra",
    "giant panda",
    "deer",
    "bobcat",
    "pig",
    "lion",
    "mouse",
    "polar bear",
    "collie",
    "walrus",
    "raccoon",
    "cow",
    "dolphin"
  ],
  "features": [
    "black",
    "white",
    "blue",
    "brown",
    "gray",
    "orange",
    "red",
    "yellow",
    "patches",
    "spots",
    "stripes",
    "furry",
    "hairless",
    "toughskin",
    "big",
    "small",
    "bulbous",
    "lean",
    "flippers",
    "hands",
    "hooves",
    "pads",
    "paws",
    "longleg",
    "longneck",
    "tail",
    "chewteeth",
    "meatteeth",
    "buckteeth",
    "strainteeth",
    "horns",
    "claws",
    "tusks",
    "smelly",
    "flys",
    "hops",
    "swims",
    "tunnels",
    "walks",
    "fast",
    "slow",
    "strong",
    "weak",
    "muscle",
    "bipedal",
    "quadrapedal",
    "active",
    "inactive",
    "nocturnal",
    "hibernate",
    "agility",
    "fish",
    "meat",
    "plankton",
    "vegetation",
    "insects",
    "forager",
    "grazer",
    "hunter",
    "scavenger",
    "skimmer",
    "stalker",
    "newworld",
    "oldworld",
    "arctic",
    "coastal",
    "desert",
    "bush",
    "plains",
    "forest",
    "fields",
    "jungle",
    "mountains",
    "ocean",
    "ground",
    "water",
    "tree",
    "cave",
    "fierce",
    "timid",
    "smart",
    "group",
    "solitary",
    "nestspot",
    "domestic"
  ],
  "weights": {
    "black": 0.4673060156931125,
    "white": 0.4958871915393654,
    "blue": 0.12162162162162166,
    "brown": 0.6060606060606061,
    "gray": 0.41891891891891897,
    "orange": 0.7364864864864865,
    "red": 0.6486486486486487,
    "yellow": 0.5608108108108109,
    "patches": 0.20360360360360366,
    "spots": 0.268018018018018,
    "stripes": 0.8243243243243243,
    "furry": 0.8288288288288288,
    "hairless": 0.45945945945945954,
    "toughskin": 0.45005875440658055,
    "big": 0.7733217088055797,
    "small": 0.698841698841699,
    "bulbous": 0.4459459459459459,
    "lean": 0.6908108108108109,
    "flippers": 0.8996138996138997,
    "hands": 1,
    "hooves": 1,
    "pads": 0.672072072072072,
    "paws": 0.8568568568568569,
    "longleg": 0.749034749034749,
    "longneck": 0.718918918918919,
    "tail": 0.6396396396396397,
    "chewteeth": 0.6486486486486487,
    "meatteeth": 0.6486486486486487,
    "buckteeth": 0.44369369369369366,
    "strainteeth": 0.06306306306306315,
    "horns": 0.8243243243243243,
    "claws": 0.7923832923832924,
    "tusks": 0.5315315315315315,
    "smelly": 0.10698198198198207,
    "flys": 1,
    "hops": 0.6486486486486487,
    "swims": 1,
    "tunnels": 0.8594594594594593,
    "walks": 0.595945945945946,
    "fast": 0.564993564993565,
    "slow": 0.5432432432432434,
    "strong": 0.8036565977742449,
    "weak": 0.40270270270270264,
    "muscle": 0.7213420316868593,
    "bipedal": 0.03378378378378382,
    "quadrapedal": 0.9754871150219987,
    "active": 0.8290723155588019,
    "inactive": 0.2514688601645123,
    "nocturnal": 0.7657657657657657,
    "hibernate": 0,
    "agility": 0.787059787059787,
    "fish": 0.4006359300476947,
    "meat": 0.6662162162162162,
    "plankton": 0.4144144144144145,
    "vegetation": 0.7567567567567567,
    "insects": 0.8243243243243243,
    "forager": 0.6621621621621622,
    "grazer": 0.7313195548489666,
    "hunter": 0.7933227344992052,
    "scavenger": 0.6486486486486487,
    "skimmer": 0.8243243243243243,
    "stalker": 0.7891891891891893,
    "newworld": 0.2544495715227422,
    "oldworld": 0.43304668304668303,
    "arctic": 0.5315315315315315,
    "coastal": 0.6486486486486487,
    "desert": 0.2972972972972973,
    "bush": 0.6805896805896806,
    "plains": 0.5608108108108109,
    "forest": 0.8402948402948405,
    "fields": 0.7411095305832149,
    "jungle": 0.5847665847665848,
    "mountains": 0.5022522522522523,
    "ocean": 0.9121621621621622,
    "ground": 0.8457481872116017,
    "water": 1,
    "tree": 0.7657657657657657,
    "cave": 0.47297297297297297,
    "fierce": 0.5817245817245816,
    "timid": 0.3505323505323505,
    "smart": 0.7726550079491254,
    "group": 0.6954954954954956,
    "solitary": 0.5357142857142857,
    "nestspot": 0.6135135135135135,
    "domestic": 0.6096096096096096
  },
  "similarity_matrix": [
    [
      1,
      0.47676632117591333,
      0.43582966609067214,
      0.4879692007459415,
      0.6014217680442442,
      0.46946876513618674,
      0.729522733773113,
      0.531629803370611,
      0.4492433508510722,
      0.46820558050995653,
      0.5115760975609955,
      0.5057995157390199,
      0.47108361162207824,
      0.5236339774389025,
      0.49832708192034336,
      0.7279455791281728,
      0.5797823199704372,
      0.4458497987259862,
      0.585584914812622,
      0.5608569639173283,
      0.6240427458016706,
      0.4890650454207136,
      0.6092589447600063,
      0.43834565106325646,
      0.5737166899338059,
      0.5000074223874796,
      0.517669168694971,
      0.556753287631254,
      0.5384740289415939,
      0.43631671545474765,
      0.6930694684745261,
      0.5064412266285923,
      0.4765207833957339,
      0.4460060197068649,
      0.4975612041294546,
      0.4212202837391181,
      0.6786662315528281,
      0.7688364069720686,
      0.47536199708517,
      0.8046772328923962,
      0.48232545629821083,
      0.5679121022018453,
      0.4973043462947064,
      0.54244440699994,
      0.4522606287328466,
      0.533933155255567,
      0.42265627801841577,
      0.46398935426266075,
      0.679905909263872,
      0.512730167116625
    ],
    [
      0.47676632117591333,
      1,
      0.45322263133515495,
      0.5316430193063362,
      0.5461538349267885,
      0.5396167350671788,
      0.4590504452458247,
      0.6211378142550646,
      0.4423169549241304,
      0.5923990827803302,
      0.5226588803198274,
      0.5166134560773914,
      0.575584228157669,
      0.5087316263967769,
      0.6214789602974876,
      0.5099345061179547,
      0.4773840370231412,
      0.43760050039783516,
      0.47916413154821325,
      0.5780675094216123,
      0.4822840445784595,
      0.6227705052710478,
      0.464497139252602,
      0.4337398875990029,
      0.5017367859889923,
      0.48842378744998044,
      0.5047916138974278,
      0.46571859750911326,
      0.4496549621239189,
      0.5135897620582813,
      0.4342398705118571,
      0.6793224847641409,
      0.5525774690647627,
      0.5455094329099033,
      0.6295788618413832,
      0.49094359418874234,
      0.5617709827601551,
      0.45996186768317127,
      0.5246520372324256,
      0.47633373419889175,
      0.6138267373095766,
      0.5028203906736533,
      0.6191658375136433,
      0.4437279384661031,
      0.5980661472130578,
      0.5607834843396519,
      0.45322809927708085,
      0.5407353434702105,
      0.48182840617098655,
      0.42764573274186796
    ],
    [
      0.43582966609067214,
      0.45322263133515495,
      1,
      0.4869475425794231,
      0.5269010449216821,
      0.44139637549668875,
      0.4466465945337298,
      0.47113575018982917,
      0.6205774568873479,
      0.4430238231641572,
      0.4042744835774898,
      0.37299891425456644,
      0.44970946102094855,
      0.4774047025175218,
      0.44810024503406837,
      0.39030213315781526,
      0.41682364315518305,
      0.6509066995189144,
      0.44706434927298067,
      0.4651549550262479,
      0.40217777604690885,
      0.4190100887510038,
      0.40617881835145375,
      0.7004561241418769,
      0.42540024444983837,
      0.38469435923681045,
      0.3855855071455245,
      0.43937844457075875,
      0.4000350275242212,
      0.4329608504141693,
      0.4094662609634954,
      0.4604565495588854,
      0.4554846645532494,
      0.42995153067452024,
      0.4379123474035453,
      0.5553743977587687,
      0.4339475843420708,
      0.44739518191328287,
      0.39788383753556394,
      0.416290758896837,
      0.4285921778492399,
      0.47156615507799693,
      0.4623247586015528,
      0.3845836978648355,
      0.5345061752720288,
      0.5019961971898305,
      0.6135696933797806,
      0.41237990320214707,
      0.4395232062545429,
      0.680755256408464
    ],
    [
      0.4879692007459415,
      0.5316430193063362,
      0.4869475425794231,
      1,
      0.5405764195409767,
      0.5713110793442394,
      0.4983940467661938,
      0.5251245180422126,
      0.5077736115295967,
      0.5519106890162327,
      0.5155461687543621,
      0.5251324134596099,
      0.5174100663868697,
      0.5308383130417597,
      0.49112152793696406,
      0.4596117511399618,
      0.5232019108132631,
      0.5065682730423233,
      0.4798212387510601,
      0.4951635294408588,
      0.4552059553630757,
      0.5598866503068615,
      0.4462840340527514,
      0.5191875980942086,
      0.48039828444502813,
      0.5483307063618309,
      0.5878047569329631,
      0.43197301106491026,
      0.5124843650514945,
      0.44813048550283774,
      0.4347794695713297,
      0.5102464050060288,
      0.5494763115635081,
      0.4991642371247114,
      0.5338167660889278,
      0.6212683550332452,
      0.4829970089496154,
      0.4712209743685957,
      0.4994122968851855,
      0.48173568927101373,
      0.5045668127108088,
      0.46048156302178894,
      0.5098094063432,
      0.5274846925194259,
      0.5377951827166676,
      0.5443272488081489,
      0.534863688501555,
      0.5093834909095174,
      0.4709680311117402,
      0.5519616900530747
    ],
    [
      0.6014217680442442,
      0.5461538349267885,
      0.5269010449216821,
      0.5405764195409767,
      1,
      0.6176241646828772,
      0.648930171689649,
      0.7082562803209866,
      0.490058151072745,
      0.6443130838412737,
      0.5207750097283328,
      0.48609214613442375,
      0.5923767105412069,
      0.5209919914748753,
      0.5878648418495278,
      0.5054807823537284,
      0.5823101601657009,
      0.47754823434550314,
      0.5646420151856487,
      0.5898781130273442,
      0.5376043098044486,
      0.5356473080227542,
      0.5199680972448327,
      0.5041952889591733,
      0.5827664479883451,
      0.5111026806925463,
      0.5204781964259114,
      0.48003615788449605,
      0.5174136924669176,
      0.4527269129532253,
      0.5321471884896396,
      0.6001369319363545,
      0.6286592898426152,
      0.5102642164964261,
      0.5812589424985325,
      0.4988370525420475,
      0.512676958855546,
      0.6131102102505968,
      0.5356569171716591,
      0.5808636130660567,
      0.5433424500281638,
      0.5606164346096859,
      0.5542080885504568,
      0.5208208688523137,
      0.507387122090297,
      0.7463594625372095,
      0.4550772524902311,
      0.5270205952173599,
      0.5601416444359892,
      0.577299820007395
    ],
    [
      0.46946876513618674,
      0.5396167350671788,
      0.44139637549668875,
      0.5713110793442394,
      0.6176241646828772,
      1,
      0.49123466741649513,
      0.5980190031770166,
      0.47532420919437524,
      0.6892575589524766,
      0.6034133091652317,
      0.5522731987141618,
      0.5086620244197859,
      0.5287374872632988,
      0.4841787345658994,
      0.465971667538986,
      0.4925827447103362,
      0.4589448370102733,
      0.5146224429495567,
      0.47848025009796635,
      0.5191610962972218,
      0.550881359393834,
      0.5658620558701932,
      0.4773786768662348,
      0.46335655811720977,
      0.5921299105102589,
      0.6145463480793497,
      0.4771596193456401,
      0.5475150772631675,
      0.44523366838931433,
      0.43262797076800347,
      0.5266905684932472,
      0.7253849167052936,
      0.5506888228206207,
      0.5871204225806383,
      0.5368304782027968,
      0.4789940484300013,
      0.465314216636107,
      0.5635363535871027,
      0.4464086040673246,
      0.5372295141739306,
      0.5268118093235541,
      0.5113007536339612,
      0.5504586742943376,
      0.5583102839685903,
      0.6987407746909704,
      0.46157260593980975,
      0.6017620495551607,
      0.5037015884353884,
      0.48403435758210067
    ],
    [
      0.729522733773113,
      0.4590504452458247,
      0.4466465945337298,
      0.4983940467661938,
      0.648930171689649,
      0.49123466741649513,
      1,
      0.5916298066667504,
      0.4441356142474597,
      0.5255291606894625,
      0.4841717375246169,
      0.5015695229216396,
      0.4927249523602687,
      0.4952488913753908,
      0.4841294506001698,
      0.6292960023482943,
      0.5862500868768171,
      0.4508992115233603,
      0.5808270224697372,
      0.5562317588369613,
      0.6437943290705489,
      0.47128211624403105,
      0.5993545078765955,
      0.4829910150195476,
      0.5726737124950088,
      0.5367812305771504,
      0.5002185759851334,
      0.5041753855589853,
      0.577468368744224,
      0.4318193413353537,
      0.6623683844712597,
      0.511188640347836,
      0.5181670775880594,
      0.47404372934779093,
      0.5052639287574733,
      0.438505562668718,
      0.6018206230769699,
      0.7929985662318899,
      0.4985935739069481,
      0.7332776834986703,
      0.4535246362467443,
      0.6296754610084825,
      0.4692867525171117,
      0.5856713336717595,
      0.42150152678631475,
      0.576001771625037,
      0.4412970140616466,
      0.4585972055545204,
      0.6920430973422841,
      0.538803732994856
    ],
    [
      0.531629803370611,
      0.6211378142550646,
      0.47113575018982917,
      0.5251245180422126,
      0.7082562803209866,
      0.5980190031770166,
      0.5916298066667504,
      1,
      0.4249517313238621,
      0.766600827055444,
      0.4777495172016722,
      0.49930501283604667,
      0.6593093266753476,
      0.470039816845171,
      0.6904851046147258,
      0.4718740654907371,
      0.530446824603309,
      0.4205965170245347,
      0.4894836596800455,
      0.5568402163003331,
      0.5040994856471387,
      0.6613503496200225,
      0.4579416415476713,
      0.4549722580921998,
      0.539206099380508,
      0.4987064785399727,
      0.5391429732358782,
      0.4436687269364825,
      0.4776579001784059,
      0.46691402258239917,
      0.4880042977200078,
      0.716702144550375,
      0.6899278877141611,
      0.5680978059775853,
      0.6544755032142228,
      0.5074972288086017,
      0.5024461646765912,
      0.5254506369346091,
      0.4830959477222186,
      0.5254396215552208,
      0.6601942383377547,
      0.4975910340203564,
      0.6352148472485853,
      0.4832565512576262,
      0.5602592025645785,
      0.691828662284844,
      0.4160445485910847,
      0.5323540418844931,
      0.49774413150057845,
      0.48319283418480086
    ],
    [
      0.4492433508510722,
      0.4423169549241304,
      0.6205774568873479,
      0.5077736115295967,
      0.490058151072745,
      0.47532420919437524,
      0.4441356142474597,
      0.4249517313238621,
      1,
      0.40381584541630516,
      0.432827812269278,
      0.38776176755125974,
      0.3907565471605768,
      0.6197570273582688,
      0.3987579869837262,
      0.4764526967186727,
      0.4281118270540302,
      0.9056560613135435,
      0.5513188937647888,
      0.4294516654100587,
      0.4802475824684229,
      0.3861142897232294,
      0.446496275362282,
      0.6703479095392365,
      0.4054381600366322,
      0.38804762344410104,
      0.41242959641605936,
      0.5065126644337371,
      0.40185485473974913,
      0.39229414188924483,
      0.4441015958314313,
      0.4108198298701326,
      0.43999185891388054,
      0.3750191620233041,
      0.40126111185047303,
      0.49265062636505264,
      0.4766019853126318,
      0.435009189405921,
      0.44347021968759315,
      0.4244923622278046,
      0.3942363083001097,
      0.5159825114329034,
      0.4124092788278753,
      0.39317884492232674,
      0.4727025838213827,
      0.4447604181597003,
      0.6919022557814567,
      0.3807117404330128,
      0.4619023699103193,
      0.6821286723167919
    ],
    [
      0.46820558050995653,
      0.5923990827803302,
      0.4430238231641572,
      0.5519106890162327,
      0.6443130838412737,
      0.6892575589524766,
      0.5255291606894625,
      0.766600827055444,
      0.40381584541630516,
      1,
      0.53445326402859,
      0.5308473988920934,
      0.5937285943858474,
      0.4443166332958186,
      0.619380465030856,
      0.4240281340646949,
      0.5210043063838279,
      0.39988108339495504,
      0.45020125013875656,
      0.4903301290942853,
      0.4610331762345638,
      0.6585258977986763,
      0.46422340884563834,
      0.4563209522581091,
      0.5039599354003337,
      0.569534628281057,
      0.555018589222653,
      0.4048194605545841,
      0.5059337755192257,
      0.503977408824877,
      0.43700814531779253,
      0.6446615732618481,
      0.7329883742280701,
      0.5949555767480782,
      0.6937543588375714,
      0.5336410165825105,
      0.44102777628058976,
      0.4752591016229846,
      0.46743576800082753,
      0.4633976116742473,
      0.6068768563090385,
      0.46857643517519043,
      0.5584802710078038,
      0.5240862060873847,
      0.5252400406670997,
      0.7029874621076836,
      0.3939540014273456,
      0.594166494353213,
      0.45571160814225037,
      0.46163613243858764
    ],
    [
      0.5115760975609955,
      0.5226588803198274,
      0.4042744835774898,
      0.5155461687543621,
      0.5207750097283328,
      0.6034133091652317,
      0.4841717375246169,
      0.4777495172016722,
      0.432827812269278,
      0.53445326402859,
      1,
      0.6485865274529974,
      0.49714019261726017,
      0.5027477294371232,
      0.4536367788414979,
      0.5263786872778815,
      0.5201202534336767,
      0.4283105203587137,
      0.483159919961545,
      0.48353717836014315,
      0.5252444242160391,
      0.5252621174510099,
      0.5884287972852751,
      0.4349682369238481,
      0.4694472989455452,
      0.6277564963082661,
      0.6358932536882957,
      0.48355514761001256,
      0.6067540886792353,
      0.4348203081090449,
      0.4676706170929286,
      0.49532249991738175,
      0.6083760399819153,
      0.5637916585908428,
      0.5775595149001392,
      0.48456455323015984,
      0.5095952761501292,
      0.521529465037368,
      0.5408180493175629,
      0.4860419750205096,
      0.5000993458523362,
      0.5296907607380906,
      0.4740059618369966,
      0.6101589562397364,
      0.48397540405368084,
      0.5608619075734018,
      0.40175934905156335,
      0.6355345690679846,
      0.5471809682274217,
      0.4206564578639984
    ],
    [
      0.5057995157390199,
      0.5166134560773914,
      0.37299891425456644,
      0.5251324134596099,
      0.48609214613442375,
      0.5522731987141618,
      0.5015695229216396,
      0.49930501283604667,
      0.38776176755125974,
      0.5308473988920934,
      0.6485865274529974,
      1,
      0.48521858564173853,
      0.47219558227018293,
      0.48105340764900245,
      0.49301741793675774,
      0.5470471945737155,
      0.38413224080929126,
      0.43870493355296336,
      0.49113825749619805,
      0.4900082823876844,
      0.5615712324119496,
      0.5324336602103773,
      0.4048325542785855,
      0.49921618620423447,
      0.7085603829822896,
      0.6703685343052133,
      0.4388423753791374,
      0.6356264105180501,
      0.5071268407704967,
      0.45623846832002346,
      0.507425830206501,
      0.5649591597586768,
      0.6958273667334083,
      0.6511656196667945,
      0.5318057578446863,
      0.494688443037529,
      0.4800665685267776,
      0.5130215403197708,
      0.5135053253570919,
      0.49664962221345543,
      0.4794633474254031,
      0.46960300492336715,
      0.6745873367920937,
      0.45303483417071005,
      0.5393154671191642,
      0.4083556573757792,
      0.5714883292888763,
      0.4975320971566871,
      0.4050584443736424
    ],
    [
      0.47108361162207824,
      0.575584228157669,
      0.44970946102094855,
      0.5174100663868697,
      0.5923767105412069,
      0.5086620244197859,
      0.4927249523602687,
      0.6593093266753476,
      0.3907565471605768,
      0.5937285943858474,
      0.49714019261726017,
      0.48521858564173853,
      1,
      0.43144155058357886,
      0.6384281509772967,
      0.42816553732448115,
      0.4957969491264767,
      0.3870710068970109,
      0.46184107772128014,
      0.5392236218767937,
      0.4406449058245461,
      0.6698108841837114,
      0.4243597626939115,
      0.4029034688379536,
      0.5172874211341292,
      0.456836438162502,
      0.5009901488189522,
      0.4357452323759003,
      0.4717219347312206,
      0.47414216674705095,
      0.45508709068462955,
      0.6949943138237281,
      0.5368333056271415,
      0.5667056186791731,
      0.5879506903638106,
      0.4839707793650935,
      0.45116108355511325,
      0.5262817304024964,
      0.5203940784823152,
      0.48192388930600294,
      0.6077919166043354,
      0.4318110875803168,
      0.6766888543732988,
      0.4844263349877006,
      0.5083842562732167,
      0.5612911750526317,
      0.39054025458582364,
      0.5562400794581511,
      0.44057830992333324,
      0.43709366208044115
    ],
    [
      0.5236339774389025,
      0.5087316263967769,
      0.4774047025175218,
      0.5308383130417597,
      0.5209919914748753,
      0.5287374872632988,
      0.4952488913753908,
      0.470039816845171,
      0.6197570273582688,
      0.4443166332958186,
      0.5027477294371232,
      0.47219558227018293,
      0.43144155058357886,
      1,
      0.4313917162864204,
      0.5433904633919668,
      0.4690904855667952,
      0.5921997378264128,
      0.6997629195199261,
      0.5166162995720994,
      0.6137890842409379,
      0.42298006005095756,
      0.5578217921415216,
      0.5108144079511063,
      0.460696843727097,
      0.45760580892499325,
      0.4918984536739532,
      0.6637334661321441,
      0.4470463290345777,
      0.4088003459958842,
      0.5162688001688904,
      0.4270588994018155,
      0.47226881362046463,
      0.3982161145532811,
      0.44122570759640894,
      0.4514889476779569,
      0.583930518867318,
      0.49048248632234664,
      0.5383726993051815,
      0.4645835794084796,
      0.4148849823024361,
      0.5975708978589387,
      0.4436859379178079,
      0.4490068117416187,
      0.528213536772129,
      0.494395428927568,
      0.5739604838741172,
      0.4259148321205792,
      0.5505108141153758,
      0.5593088164181269
    ],
    [
      0.49832708192034336,
      0.6214789602974876,
      0.44810024503406837,
      0.49112152793696406,
      0.5878648418495278,
      0.4841787345658994,
      0.4841294506001698,
      0.6904851046147258,
      0.3987579869837262,
      0.619380465030856,
      0.4536367788414979,
      0.48105340764900245,
      0.6384281509772967,
      0.4313917162864204,
      1,
      0.4431590398441586,
      0.5269465275177444,
      0.3904355914343081,
      0.4515088630469917,
      0.5635341324932138,
      0.43760075134738424,
      0.6361165379017557,
      0.40666497160186543,
      0.41344942133879947,
      0.5646420390475821,
      0.4631888268954414,
      0.4990709591476155,
      0.4245630348761024,
      0.44544597303064876,
      0.4930389789904058,
      0.46532498573219505,
      0.642556874051062,
      0.5472596789877827,
      0.5626003839392195,
      0.5944865025525017,
      0.4733798715370782,
      0.45827640437947237,
      0.4976413457679996,
      0.4926819475910504,
      0.5172766547148805,
      0.6803219464784396,
      0.43781935249135207,
      0.6899641966496082,
      0.43574541656231125,
      0.4984614080032852,
      0.566994477544323,
      0.3842194767077891,
      0.5503003639343286,
      0.43293264538331094,
      0.4184463916327681
    ],
    [
      0.7279455791281728,
      0.5099345061179547,
      0.39030213315781526,
      0.4596117511399618,
      0.5054807823537284,
      0.465971667538986,
      0.6292960023482943,
      0.4718740654907371,
      0.4764526967186727,
      0.4240281340646949,
      0.5263786872778815,
      0.49301741793675774,
      0.42816553732448115,
      0.5433904633919668,
      0.4431590398441586,
      1,
      0.5150547422025767,
      0.45999680455654596,
      0.5935454299270359,
      0.536262437248304,
      0.6869858286442124,
      0.45385794407469304,
      0.6178808646841836,
      0.4218791973774343,
      0.5133033466090708,
      0.47904022963155546,
      0.4961851569338141,
      0.5830620590474701,
      0.5199690417763959,
      0.4048966039335673,
      0.6713639658891538,
      0.48181383905777764,
      0.44418267412866885,
      0.4272175757134202,
      0.4636483403760043,
      0.41210199077557325,
      0.7221263247809522,
      0.6264205955909617,
      0.5146603494685807,
      0.7238687642290605,
      0.44804801128521327,
      0.598030049291167,
      0.4672251558879304,
      0.506668190690349,
      0.4448830282704137,
      0.47109686050249167,
      0.4505270644198409,
      0.4339074906886552,
      0.6793053817950492,
      0.4302791452704834
    ],
    [
      0.5797823199704372,
      0.4773840370231412,
      0.41682364315518305,
      0.5232019108132631,
      0.5823101601657009,
      0.4925827447103362,
      0.5862500868768171,
      0.530446824603309,
      0.4281118270540302,
      0.5210043063838279,
      0.5201202534336767,
      0.5470471945737155,
      0.4957969491264767,
      0.4690904855667952,
      0.5269465275177444,
      0.5150547422025767,
      1,
      0.434392735231648,
      0.5417435425435607,
      0.6679719783669462,
      0.4737602745437112,
      0.5241168515221325,
      0.4777444950312218,
      0.4547852562873233,
      0.6964915005967823,
      0.5315669246167781,
      0.6229335768461978,
      0.45122774504625074,
      0.5854705988977101,
      0.5341859868868293,
      0.5003723248206553,
      0.5149145184179388,
      0.5313212950372888,
      0.4977120714132341,
      0.5609801057929547,
      0.5119004334900573,
      0.5136558489624014,
      0.5724408298115993,
      0.540479423981446,
      0.6206321206533578,
      0.5279565162249525,
      0.4914081028742343,
      0.5308937841933671,
      0.5730161255864407,
      0.408924843079354,
      0.5444961073813865,
      0.4267119155652535,
      0.5267024295605862,
      0.4939308489243061,
      0.4853858004398031
    ],
    [
      0.4458497987259862,
      0.43760050039783516,
      0.6509066995189144,
      0.5065682730423233,
      0.47754823434550314,
      0.4589448370102733,
      0.4508992115233603,
      0.4205965170245347,
      0.9056560613135435,
      0.39988108339495504,
      0.4283105203587137,
      0.38413224080929126,
      0.3870710068970109,
      0.5921997378264128,
      0.3904355914343081,
      0.45999680455654596,
      0.434392735231648,
      1,
      0.5462167559394187,
      0.43577223935526305,
      0.4746926099785584,
      0.37523583983146014,
      0.45333251655010537,
      0.7058763133814023,
      0.41106701313589,
      0.3844127684759398,
      0.4000415796290635,
      0.48795526377504705,
      0.4073839722855226,
      0.3975615732911249,
      0.43520498384679684,
      0.4067480793196322,
      0.43532459775423027,
      0.37162321776538243,
      0.3973757392292516,
      0.5040817378134899,
      0.4843992444716058,
      0.44149564607704816,
      0.4332008608387493,
      0.41635686564811825,
      0.3786843638022521,
      0.517233122366327,
      0.40954762477167256,
      0.39057700183584537,
      0.47165782527785877,
      0.4303878953455504,
      0.7184756073083397,
      0.37311840645752165,
      0.46290431132212456,
      0.7079425889146571
    ],
    [
      0.585584914812622,
      0.47916413154821325,
      0.44706434927298067,
      0.4798212387510601,
      0.5646420151856487,
      0.5146224429495567,
      0.5808270224697372,
      0.4894836596800455,
      0.5513188937647888,
      0.45020125013875656,
      0.483159919961545,
      0.43870493355296336,
      0.46184107772128014,
      0.6997629195199261,
      0.4515088630469917,
      0.5935454299270359,
      0.5417435425435607,
      0.5462167559394187,
      1,
      0.5596098773959924,
      0.6424140706713322,
      0.4138983627177401,
      0.5781172913845581,
      0.4777900474999397,
      0.5323037124631322,
      0.45734028322168907,
      0.470546245076395,
      0.7297757722689839,
      0.4896449126953411,
      0.4203868607512456,
      0.6062577103043941,
      0.439655415824709,
      0.47298750603265344,
      0.3987269706333722,
      0.44185296052891315,
      0.40260431473505603,
      0.6062082692419661,
      0.5955744178454164,
      0.5714197453639304,
      0.5357413906825064,
      0.4134452481392742,
      0.6507870876239746,
      0.48944241261344507,
      0.47737639110337765,
      0.43407032442467036,
      0.4923523410621581,
      0.5306283967666128,
      0.41670804564538677,
      0.5937748127190976,
      0.5199579695913924
    ],
    [
      0.5608569639173283,
      0.5780675094216123,
      0.4651549550262479,
      0.4951635294408588,
      0.5898781130273442,
      0.47848025009796635,
      0.5562317588369613,
      0.5568402163003331,
      0.4294516654100587,
      0.4903301290942853,
      0.48353717836014315,
      0.49113825749619805,
      0.5392236218767937,
      0.5166162995720994,
      0.5635341324932138,
      0.536262437248304,
      0.6679719783669462,
      0.43577223935526305,
      0.5596098773959924,
      1,
      0.4808952566253935,
      0.5142617148296669,
      0.4808293458062251,
      0.4318168952614759,
      0.743328577396531,
      0.46478613234202604,
      0.5387224984437817,
      0.5033612059684377,
      0.5025289803217963,
      0.5485599769359318,
      0.4839495554485348,
      0.5363871957999323,
      0.5023707006805576,
      0.49231654209961667,
      0.5396617149406305,
      0.4531157353744909,
      0.5884263264698296,
      0.5625909008418187,
      0.538370493144487,
      0.5819685433549309,
      0.5179578310678749,
      0.5373032501005417,
      0.5978069504984543,
      0.4845321181360563,
      0.4833302827961791,
      0.5289960184548287,
      0.4577109255592024,
      0.524752438484978,
      0.5134017568841914,
      0.4594951258846955
    ],
    [
      0.6240427458016706,
      0.4822840445784595,
      0.40217777604690885,
      0.4552059553630757,
      0.5376043098044486,
      0.5191610962972218,
      0.6437943290705489,
      0.5040994856471387,
      0.4802475824684229,
      0.4610331762345638,
      0.5252444242160391,
      0.4900082823876844,
      0.4406449058245461,
      0.6137890842409379,
      0.43760075134738424,
      0.6869858286442124,
      0.4737602745437112,
      0.4746926099785584,
      0.6424140706713322,
      0.4808952566253935,
      1,
      0.4325314484841735,
      0.6840003444957317,
      0.4580714858627273,
      0.4813834450543985,
      0.5294405263030394,
      0.4811047557569542,
      0.664174733682392,
      0.55027130726341,
      0.39026693385943045,
      0.6265600841857449,
      0.45008419462652177,
      0.4915069860597529,
      0.43490269866300096,
      0.46098606744136256,
      0.404804600846536,
      0.7007681875311933,
      0.5987264996082076,
      0.549067563252048,
      0.5619831434190662,
      0.41752761002058986,
      0.6955389988257747,
      0.43382800407183686,
      0.5207007311458451,
      0.44070509718177764,
      0.5132673962619835,
      0.4539187275872207,
      0.4314463207532976,
      0.7929364763950051,
      0.46952305864838245
    ],
    [
      0.4890650454207136,
      0.6227705052710478,
      0.4190100887510038,
      0.5598866503068615,
      0.5356473080227542,
      0.550881359393834,
      0.47128211624403105,
      0.6613503496200225,
      0.3861142897232294,
      0.6585258977986763,
      0.5252621174510099,
      0.5615712324119496,
      0.6698108841837114,
      0.42298006005095756,
      0.6361165379017557,
      0.45385794407469304,
      0.5241168515221325,
      0.37523583983146014,
      0.4138983627177401,
      0.5142617148296669,
      0.4325314484841735,
      1,
      0.4197226766682927,
      0.40393156030161104,
      0.5016096795430229,
      0.5065374020963309,
      0.5728839156693207,
      0.39281555014160674,
      0.48951232136636474,
      0.49709211574234313,
      0.44672505058815304,
      0.6756732024314549,
      0.5888169466747495,
      0.6452423741048499,
      0.7225064387980161,
      0.5277468729204431,
      0.45137759882361184,
      0.4722428073852651,
      0.4607140974372503,
      0.5178146364671184,
      0.7425818475888465,
      0.4370342270468752,
      0.6285557462843421,
      0.5138355473891162,
      0.5219568086161437,
      0.5908170284262997,
      0.38680034109987405,
      0.6116210228124928,
      0.43216493306959913,
      0.4215093848630804
    ],
    [
      0.6092589447600063,
      0.464497139252602,
      0.40617881835145375,
      0.4462840340527514,
      0.5199680972448327,
      0.5658620558701932,
      0.5993545078765955,
      0.4579416415476713,
      0.446496275362282,
      0.46422340884563834,
      0.5884287972852751,
      0.5324336602103773,
      0.4243597626939115,
      0.5578217921415216,
      0.40666497160186543,
      0.6178808646841836,
      0.4777444950312218,
      0.45333251655010537,
      0.5781172913845581,
      0.4808293458062251,
      0.6840003444957317,
      0.4197226766682927,
      1,
      0.440564779759242,
      0.46159394165325907,
      0.5569191196662358,
      0.4928387175417313,
      0.5957168286046662,
      0.6008412602884621,
      0.4186553112897935,
      0.5617330874994028,
      0.4363451482080495,
      0.5151013099684485,
      0.44446876863445534,
      0.4549461668022096,
      0.4209862842214552,
      0.6593024857058511,
      0.5720805619364606,
      0.5679713939289798,
      0.5448915421109204,
      0.41474903570029464,
      0.6559603914031786,
      0.4263890048228881,
      0.59043302585413,
      0.44268623387800454,
      0.5161882976948681,
      0.4503762466159058,
      0.465546730645074,
      0.7451470627518895,
      0.44861542259580567
    ],
    [
      0.43834565106325646,
      0.4337398875990029,
      0.7004561241418769,
      0.5191875980942086,
      0.5041952889591733,
      0.4773786768662348,
      0.4829910150195476,
      0.4549722580921998,
      0.6703479095392365,
      0.4563209522581091,
      0.4349682369238481,
      0.4048325542785855,
      0.4029034688379536,
      0.5108144079511063,
      0.41344942133879947,
      0.4218791973774343,
      0.4547852562873233,
      0.7058763133814023,
      0.4777900474999397,
      0.4318168952614759,
      0.4580714858627273,
      0.40393156030161104,
      0.440564779759242,
      1,
      0.4418311483504859,
      0.4258440267008941,
      0.4313638612773477,
      0.447772822654992,
      0.4542163803026717,
      0.42992078040132925,
      0.4297894765612175,
      0.4364473394874926,
      0.46840963693454596,
      0.4135877908420915,
      0.4297034718231765,
      0.5667029932110874,
      0.4423151509396984,
      0.44452224633565046,
      0.4267600021816761,
      0.42638126321357006,
      0.4128290924602286,
      0.5256441345177205,
      0.4207623163056293,
      0.44270838788143363,
      0.5028230747923679,
      0.5165570319775216,
      0.6592778120493289,
      0.40298664347017366,
      0.49035040954189474,
      0.7439586524166623
    ],
    [
      0.5737166899338059,
      0.5017367859889923,
      0.42540024444983837,
      0.48039828444502813,
      0.5827664479883451,
      0.46335655811720977,
      0.5726737124950088,
      0.539206099380508,
      0.4054381600366322,
      0.5039599354003337,
      0.4694472989455452,
      0.49921618620423447,
      0.5172874211341292,
      0.460696843727097,
      0.5646420390475821,
      0.5133033466090708,
      0.6964915005967823,
      0.41106701313589,
      0.5323037124631322,
      0.743328577396531,
      0.4813834450543985,
      0.5016096795430229,
      0.46159394165325907,
      0.4418311483504859,
      1,
      0.4656713066751036,
      0.5347833977684192,
      0.45750341469015726,
      0.523017814532499,
      0.5563442880499964,
      0.49149074384452945,
      0.5168739915695851,
      0.5166878869500092,
      0.49038963997987023,
      0.5257459264899996,
      0.4557803802102365,
      0.5141842311056849,
      0.5728079646062985,
      0.5195430697731778,
      0.5958265732595407,
      0.5194275353836183,
      0.5173568003910577,
      0.5729631365686292,
      0.4971764451143329,
      0.4189950184704224,
      0.5448950382140485,
      0.41803890061370197,
      0.5062851375124906,
      0.495160315248037,
      0.47065801886561515
    ],
    [
      0.5000074223874796,
      0.48842378744998044,
      0.38469435923681045,
      0.5483307063618309,
      0.5111026806925463,
      0.5921299105102589,
      0.5367812305771504,
      0.4987064785399727,
      0.38804762344410104,
      0.569534628281057,
      0.6277564963082661,
      0.7085603829822896,
      0.456836438162502,
      0.45760580892499325,
      0.4631888268954414,
      0.47904022963155546,
      0.5315669246167781,
      0.3844127684759398,
      0.45734028322168907,
      0.46478613234202604,
      0.5294405263030394,
      0.5065374020963309,
      0.5569191196662358,
      0.4258440267008941,
      0.4656713066751036,
      1,
      0.6761553278484793,
      0.4434074701684419,
      0.728538849760022,
      0.4495433141546039,
      0.4519371562884018,
      0.4738477382808908,
      0.5768092471118033,
      0.6043601530394691,
      0.6036089058008666,
      0.4967732522613943,
      0.4970475238119233,
      0.4872990058243833,
      0.53008031301017,
      0.4903398072388063,
      0.4531116033721072,
      0.5181138248586432,
      0.4498100647064835,
      0.7194642229430508,
      0.4526060925292824,
      0.5702771876334176,
      0.4068750906717206,
      0.5775231138504227,
      0.5447133693574133,
      0.4183737084823133
    ],
    [
      0.517669168694971,
      0.5047916138974278,
      0.3855855071455245,
      0.5878047569329631,
      0.5204781964259114,
      0.6145463480793497,
      0.5002185759851334,
      0.5391429732358782,
      0.41242959641605936,
      0.555018589222653,
      0.6358932536882957,
      0.6703685343052133,
      0.5009901488189522,
      0.4918984536739532,
      0.4990709591476155,
      0.4961851569338141,
      0.6229335768461978,
      0.4000415796290635,
      0.470546245076395,
      0.5387224984437817,
      0.4811047557569542,
      0.5728839156693207,
      0.4928387175417313,
      0.4313638612773477,
      0.5347833977684192,
      0.6761553278484793,
      1,
      0.45581014220651384,
      0.6555795287067407,
      0.4914238638264049,
      0.4534196915502106,
      0.5246997769656083,
      0.623094999101503,
      0.5692261313887182,
      0.6036412257551848,
      0.5577645110046779,
      0.4882265680535697,
