{
  "metadata": {
    "created": "2025-12-13T02:22:24.355Z",
    "source": "Feature ratio (shared/differed)",
    "num_animals": 50,
    "num_features": 85,
    "raw_min": 0.08163265306122448,
    "raw_max": 6.5,
    "formula": {
      "similarity": "S(m1, m2) = shared_features / differed_features",
      "shared": "features where both animals = 1",
      "differed": "features where animals differ (one=1, other=0)",
      "normalized": "(raw - min) / (max - min)"
    }
  },
  "animals": [
    "antelope",
    "grizzly bear",
    "killer whale",
    "beaver",
    "dalmatian",
    "persian cat",
    "horse",
    "german shepherd",
    "blue whale",
    "siamese cat",
    "skunk",
    "mole",
    "tiger",
    "hippopotamus",
    "leopard",
    "moose",
    "spider monkey",
    "humpback whale",
    "elephant",
    "gorilla",
    "ox",
    "fox",
    "sheep",
    "seal",
    "chimpanzee",
    "hamster",
    "squirrel",
    "rhinoceros",
    "rabbit",
    "bat",
    "giraffe",
    "wolf",
    "chihuahua",
    "rat",
    "weasel",
    "otter",
    "buffalo",
    "zebra",
    "giant panda",
    "deer",
    "bobcat",
    "pig",
    "lion",
    "mouse",
    "polar bear",
    "collie",
    "walrus",
    "raccoon",
    "cow",
    "dolphin"
  ],
  "features": [
    "black",
    "white",
    "blue",
    "brown",
    "gray",
    "orange",
    "red",
    "yellow",
    "patches",
    "spots",
    "stripes",
    "furry",
    "hairless",
    "toughskin",
    "big",
    "small",
    "bulbous",
    "lean",
    "flippers",
    "hands",
    "hooves",
    "pads",
    "paws",
    "longleg",
    "longneck",
    "tail",
    "chewteeth",
    "meatteeth",
    "buckteeth",
    "strainteeth",
    "horns",
    "claws",
    "tusks",
    "smelly",
    "flys",
    "hops",
    "swims",
    "tunnels",
    "walks",
    "fast",
    "slow",
    "strong",
    "weak",
    "muscle",
    "bipedal",
    "quadrapedal",
    "active",
    "inactive",
    "nocturnal",
    "hibernate",
    "agility",
    "fish",
    "meat",
    "plankton",
    "vegetation",
    "insects",
    "forager",
    "grazer",
    "hunter",
    "scavenger",
    "skimmer",
    "stalker",
    "newworld",
    "oldworld",
    "arctic",
    "coastal",
    "desert",
    "bush",
    "plains",
    "forest",
    "fields",
    "jungle",
    "mountains",
    "ocean",
    "ground",
    "water",
    "tree",
    "cave",
    "fierce",
    "timid",
    "smart",
    "group",
    "solitary",
    "nestspot",
    "domestic"
  ],
  "similarity_matrix": [
    [
      1,
      0.0533795827913475,
      0.024182076813655758,
      0.05998940116587176,
      0.1275039745627981,
      0.0392156862745098,
      0.27491745138803964,
      0.0891525009172068,
      0.031796502384737683,
      0.058100881630293394,
      0.059618441971383156,
      0.07631160572337042,
      0.06518282988871224,
      0.05075663899193311,
      0.08398662354037609,
      0.29888712241653415,
      0.13529411764705881,
      0.031796502384737683,
      0.09351062292238763,
      0.0976417594064653,
      0.13529411764705881,
      0.07861411106847212,
      0.10413354531001591,
      0.03624801271860096,
      0.1505034446210917,
      0.06031399046104929,
      0.06806806806806807,
      0.05919041213158861,
      0.0891525009172068,
      0.044682453351184,
      0.19177265500794913,
      0.09692044986162635,
      0.04256628545053593,
      0.047871400812577285,
      0.07074721780604133,
      0.03488782900547607,
      0.16255961844197137,
      0.4027556968733439,
      0.051435518563546244,
      0.49364069952305245,
      0.07037625861155274,
      0.0869952305246423,
      0.07037625861155274,
      0.09322734499205089,
      0.047871400812577285,
      0.07816640169581347,
      0.019240960417431004,
      0.05601795567193491,
      0.17057888338165153,
      0.07453100158982513
    ],
    [
      0.0533795827913475,
      1,
      0.04202294504361278,
      0.09692044986162635,
      0.07861411106847212,
      0.08187599364069952,
      0.04878252865868966,
      0.13631022326674502,
      0.03648230273617271,
      0.13659247482776896,
      0.07324159859656817,
      0.08935913601228003,
      0.1142318789377613,
      0.05479597244303127,
      0.1643301055065761,
      0.08935913601228003,
      0.0628221804692393,
      0.03648230273617271,
      0.040699523052464236,
      0.12953618580217047,
      0.0628221804692393,
      0.1820349761526232,
      0.03624801271860096,
      0.04058237804367836,
      0.09634340222575516,
      0.07226477814713109,
      0.07037625861155274,
      0.03624801271860096,
      0.04321063144592557,
      0.12000235529647295,
      0.03288223661250921,
      0.22098569157392686,
      0.07631160572337042,
      0.1142318789377613,
      0.1505034446210917,
      0.07272167803477102,
      0.10921407340844683,
      0.047871400812577285,
      0.09473164848418399,
      0.05850556438791733,
      0.16534181240063592,
      0.06518282988871224,
      0.14308426073131955,
      0.03791732909379969,
      0.20048531503639863,
      0.07960902078549137,
      0.04354354354354355,
      0.1142318789377613,
      0.05601795567193491,
      0.02623211446740859
    ],
    [
      0.024182076813655758,
      0.04202294504361278,
      1,
      0.05544515103338633,
      0.08316008316008316,
      0.02323590558884677,
      0.04202294504361278,
      0.051435518563546244,
      0.12082670906200317,
      0.046233833197267225,
      0.008527243821361469,
      0.005977742448330684,
      0.05219925808161103,
      0.029773088596618008,
      0.05850556438791733,
      0.014377548904403124,
      0.02066772655007949,
      0.14308426073131955,
      0.020082001506150114,
      0.046853081455157576,
      0.015609192079780317,
      0.03288223661250921,
      0.0014452955629426232,
      0.17974375759842887,
      0.03668230640970957,
      0.013248542660307366,
      0,
      0.015981926198644466,
      0.019150166208989742,
      0.03550609432962375,
      0.02066772655007949,
      0.05850556438791733,
      0.025179392428994977,
      0.03791732909379969,
      0.03238222742866706,
      0.0891525009172068,
      0.020082001506150114,
      0.040699523052464236,
      0.022691140338199158,
      0.030127186009538957,
      0.03402225755166932,
      0.0486582839524016,
      0.047871400812577285,
      0.006359300476947536,
      0.0807631160572337,
      0.04960254372019079,
      0.10244003594387226,
      0.03791732909379969,
      0.03360116873630388,
      0.13488411011630824
    ],
    [
      0.05998940116587176,
      0.09692044986162635,
      0.05544515103338633,
      1,
      0.07631160572337042,
      0.09322734499205089,
      0.07272167803477102,
      0.07556968733439322,
      0.06786908612466423,
      0.10269092622033799,
      0.07074721780604133,
      0.10113733643145408,
      0.0859565447800742,
      0.06229759170935641,
      0.07226477814713109,
      0.05601795567193491,
      0.08187599364069952,
      0.06786908612466423,
      0.037688207238380254,
      0.06031399046104929,
      0.04354354354354355,
      0.13631022326674502,
      0.020082001506150114,
      0.07324159859656817,
      0.07226477814713109,
      0.10712975418857773,
      0.1282458929517753,
      0.014546899841017487,
      0.07556968733439322,
      0.0528826039661953,
      0.030127186009538957,
      0.08277347556284938,
      0.07383854442677973,
      0.0859565447800742,
      0.08187599364069952,
      0.17770711888358948,
      0.04570747217806042,
      0.0533795827913475,
      0.0700516693163752,
      0.06518282988871224,
      0.0807631160572337,
      0.037812056889958326,
      0.0700516693163752,
      0.09114997350291468,
      0.09856915739268682,
      0.07716766540295952,
      0.09322734499205089,
      0.0859565447800742,
      0.04515103338632751,
      0.0869952305246423
    ],
    [
      0.1275039745627981,
      0.07861411106847212,
      0.08316008316008316,
      0.07631160572337042,
      1,
      0.12082670906200317,
      0.19807350603198354,
      0.2543720190779014,
      0.0526180829786143,
      0.20723838024876087,
      0.06518282988871224,
      0.06031399046104929,
      0.14308426073131955,
      0.04637903623704841,
      0.1579226285108638,
      0.07037625861155274,
      0.12183841595606303,
      0.04393698511345571,
      0.07117524764583588,
      0.10413354531001591,
      0.0891525009172068,
      0.09692044986162635,
      0.05405405405405406,
      0.07960902078549137,
      0.13631022326674502,
      0.07556968733439322,
      0.062496573652760276,
      0.028523333021602922,
      0.08187599364069952,
      0.04878252865868966,
      0.0891525009172068,
      0.1579226285108638,
      0.13488411011630824,
      0.0807631160572337,
      0.12183841595606303,
      0.07631160572337042,
      0.04960254372019079,
      0.15128441134633086,
      0.10113733643145408,
      0.1508744038155803,
      0.10113733643145408,
      0.10921407340844683,
      0.08744038155802863,
      0.07324159859656817,
      0.0700516693163752,
      0.33004769475357715,
      0.029390280582649426,
      0.10712975418857773,
      0.10921407340844683,
      0.11340752517223106
    ],
    [
      0.0392156862745098,
      0.08187599364069952,
      0.02323590558884677,
      0.09322734499205089,
      0.12082670906200317,
      1,
      0.06031399046104929,
      0.11598811087302137,
      0.05479597244303127,
      0.2655007949125596,
      0.11340752517223106,
      0.09945945945945946,
      0.07272167803477102,
      0.05919041213158861,
      0.06060039278032358,
      0.0533795827913475,
      0.05764398174265347,
      0.04570747217806042,
      0.051751548708952363,
      0.040699523052464236,
      0.07960902078549137,
      0.10113733643145408,
      0.08211792355014863,
      0.05998940116587176,
      0.05219925808161103,
      0.12276214833759591,
      0.10767451943922532,
      0.029773088596618008,
      0.09945945945945946,
      0.04321063144592557,
      0.027230850760262524,
      0.09300476947535773,
      0.20985691573926868,
      0.09692044986162635,
      0.10921407340844683,
      0.09322734499205089,
      0.03449438743556391,
      0.04227064434676892,
      0.10569157392686805,
      0.037812056889958326,
      0.07861411106847212,
      0.07074721780604133,
      0.06769577927073184,
      0.0891525009172068,
      0.11192368839427665,
      0.18463169051404343,
      0.037688207238380254,
      0.12953618580217047,
      0.05998940116587176,
      0.059618441971383156
    ],
    [
      0.27491745138803964,
      0.04878252865868966,
      0.04202294504361278,
      0.07272167803477102,
      0.19807350603198354,
      0.06031399046104929,
      1,
      0.184085013806376,
      0.03648230273617271,
      0.119114589702825,
      0.06266988050669266,
      0.08935913601228003,
      0.10010416095608794,
      0.04570747217806042,
      0.08465818759936407,
      0.184085013806376,
      0.1505034446210917,
      0.04354354354354355,
      0.10921407340844683,
      0.11192368839427665,
      0.20723838024876087,
      0.06976526699710091,
      0.12082670906200317,
      0.07556968733439322,
      0.1643301055065761,
      0.12438791732909381,
      0.07037625861155274,
      0.0526180829786143,
      0.1579226285108638,
      0.05519546696017285,
      0.20723838024876087,
      0.10969793322734499,
      0.0891525009172068,
      0.08779937432688856,
      0.09692044986162635,
      0.05405405405405406,
      0.1282458929517753,
      0.40794912559618446,
      0.08277347556284938,
      0.3108719579307815,
      0.054655609504576125,
      0.18636283342165694,
      0.06295707472178061,
      0.16645468998410173,
      0.044282446004110285,
      0.1282458929517753,
      0.04354354354354355,
      0.06740858505564387,
      0.2655007949125596,
      0.10413354531001591
    ],
    [
      0.0891525009172068,
      0.13631022326674502,
      0.051435518563546244,
      0.07556968733439322,
      0.2543720190779014,
      0.11598811087302137,
      0.184085013806376,
      1,
      0.025282097018108497,
      0.398034398034398,
      0.05544515103338633,
      0.0807631160572337,
      0.2501987281399046,
      0.031796502384737683,
      0.2781134075251722,
      0.0700516693163752,
      0.10113733643145408,
      0.025282097018108497,
      0.05057631160572337,
      0.11711711711711713,
      0.08744038155802863,
      0.22556812868231552,
      0.037688207238380254,
      0.04960254372019079,
      0.1306200317965024,
      0.0859565447800742,
      0.08537949714420304,
      0.03055997173644233,
      0.0700516693163752,
      0.07434770410548958,
      0.07556968733439322,
      0.334841628959276,
      0.2629326158737923,
      0.15724815724815722,
      0.2655007949125596,
      0.08744038155802863,
      0.07074721780604133,
      0.09114997350291468,
      0.06518282988871224,
      0.10712975418857773,
      0.20367426249779189,
      0.07861411106847212,
      0.17424483306836247,
      0.07272167803477102,
      0.119114589702825,
      0.23211446740858505,
      0.025282097018108497,
      0.119114589702825,
      0.07861411106847212,
      0.05764398174265347
    ],
    [
      0.031796502384737683,
      0.03648230273617271,
      0.12082670906200317,
      0.06786908612466423,
      0.0526180829786143,
      0.05479597244303127,
      0.03648230273617271,
      0.025282097018108497,
      1,
      0.028086910439851624,
      0.019240960417431004,
      0.014979685567920864,
      0.01711598958157156,
      0.1257728316551846,
      0.02623211446740859,
      0.06266988050669266,
      0.027230850760262524,
      1,
      0.07453100158982513,
      0.02148202722090814,
      0.05764398174265347,
      0.0177645676366904,
      0.016757616121686077,
      0.19177265500794913,
      0.02623211446740859,
      0.013801035077630823,
      0.013248542660307366,
      0.04637903623704841,
      0.019891300329056828,
      0.020430944085512295,
      0.03360116873630388,
      0.031796502384737683,
      0.020082001506150114,
      0.01271860095389507,
      0.016267977964284395,
      0.05764398174265347,
      0.03449438743556391,
      0.02828215212116141,
      0.04202294504361278,
      0.031225795931678287,
      0.018441971383147855,
      0.07074721780604133,
      0.02351462269382926,
      0.010990530172115853,
      0.05405405405405406,
      0.020968504275340527,
      0.1820349761526232,
      0.01711598958157156,
      0.04227064434676892,
      0.17229729729729729
    ],
    [
      0.058100881630293394,
      0.13659247482776896,
      0.046233833197267225,
      0.10269092622033799,
      0.20723838024876087,
      0.2655007949125596,
      0.119114589702825,
      0.398034398034398,
      0.028086910439851624,
      1,
      0.09114997350291468,
      0.10846140257904964,
      0.15663233566046864,
      0.03488782900547607,
      0.19761526232114468,
      0.04720557661734133,
      0.10269092622033799,
      0.028086910439851624,
      0.037812056889958326,
      0.06754347930818519,
      0.06754347930818519,
      0.22098569157392686,
      0.0486582839524016,
      0.0700516693163752,
      0.10153683094859565,
      0.1498582981958941,
      0.10113733643145408,
      0.016267977964284395,
      0.10846140257904964,
      0.09785117185496693,
      0.05044472135092168,
      0.22964140611199435,
      0.3118706942236354,
      0.15663233566046864,
      0.2573396926338103,
      0.11815580286168521,
      0.037812056889958326,
      0.0700516693163752,
      0.076986076986077,
      0.07226477814713109,
      0.1498582981958941,
      0.0700516693163752,
      0.1142318789377613,
      0.09856915739268682,
      0.10547667342799188,
      0.27491745138803964,
      0.022691140338199158,
      0.18018018018018017,
      0.06060039278032358,
      0.06031399046104929
    ],
    [
      0.059618441971383156,
      0.07324159859656817,
      0.008527243821361469,
      0.07074721780604133,
      0.06518282988871224,
      0.11340752517223106,
      0.06266988050669266,
      0.05544515103338633,
      0.019240960417431004,
      0.09114997350291468,
      1,
      0.20151033386327502,
      0.07556968733439322,
      0.03251448792245757,
      0.046233833197267225,
      0.0891525009172068,
      0.07074721780604133,
      0.019240960417431004,
      0.035969793322734506,
      0.05057631160572337,
      0.08316008316008316,
      0.09114997350291468,
      0.10413354531001591,
      0.029390280582649426,
      0.0628221804692393,
      0.17770711888358948,
      0.13488411011630824,
      0.031100953895071545,
      0.12183841595606303,
      0.044682453351184,
      0.04227064434676892,
      0.07272167803477102,
      0.12668395950129696,
      0.13600231247290073,
      0.11475646769764418,
      0.05998940116587176,
      0.05405405405405406,
      0.07383854442677973,
      0.08187599364069952,
      0.05544515103338633,
      0.07037625861155274,
      0.07383854442677973,
      0.051435518563546244,
      0.15128441134633086,
      0.07556968733439322,
      0.07816640169581347,
      0.009021333234739528,
      0.15866454689984102,
      0.0869952305246423,
      0.015246015246015248
    ],
    [
      0.07631160572337042,
      0.08935913601228003,
      0.005977742448330684,
      0.10113733643145408,
      0.06031399046104929,
      0.09945945945945946,
      0.08935913601228003,
      0.0807631160572337,
      0.014979685567920864,
      0.10846140257904964,
      0.20151033386327502,
      1,
      0.07978934817170112,
      0.0392156862745098,
      0.076986076986077,
      0.0807631160572337,
      0.11711711711711713,
      0.014979685567920864,
      0.02828215212116141,
      0.06518282988871224,
      0.07556968733439322,
      0.14308426073131955,
      0.07716766540295952,
      0.029082166815308858,
      0.08779937432688856,
      0.287758346581876,
      0.22617912029676737,
      0.024182076813655758,
      0.1950185479597244,
      0.09634340222575516,
      0.047871400812577285,
      0.10010416095608794,
      0.10921407340844683,
      0.29888712241653415,
      0.18636283342165694,
      0.11711711711711713,
      0.05998940116587176,
      0.06769577927073184,
      0.0859565447800742,
      0.09300476947535773,
      0.0859565447800742,
      0.058100881630293394,
      0.056527115350644766,
      0.2469528351881293,
      0.0608549726196785,
      0.08316008316008316,
      0.025282097018108497,
      0.13659247482776896,
      0.06769577927073184,
      0.02148202722090814
    ],
    [
      0.06518282988871224,
      0.1142318789377613,
      0.05219925808161103,
      0.0859565447800742,
      0.14308426073131955,
      0.07272167803477102,
      0.10010416095608794,
      0.2501987281399046,
      0.01711598958157156,
      0.15663233566046864,
      0.07556968733439322,
      0.07978934817170112,
      1,
      0.027230850760262524,
      0.2168856162664212,
      0.0528826039661953,
      0.0859565447800742,
      0.01711598958157156,
      0.051435518563546244,
      0.13010068892421833,
      0.056527115350644766,
      0.24389787711587016,
      0.03238222742866706,
      0.03076126742337413,
      0.1257728316551846,
      0.06518282988871224,
      0.07272167803477102,
      0.0392156862745098,
      0.06976526699710091,
      0.08351257832226691,
      0.06518282988871224,
      0.29888712241653415,
      0.10569157392686805,
      0.17141205376499494,
      0.17424483306836247,
      0.0859565447800742,
      0.051435518563546244,
      0.11815580286168521,
      0.09634340222575516,
      0.07978934817170112,
      0.1643301055065761,
      0.04321063144592557,
      0.2599364069952305,
      0.08277347556284938,
      0.10153683094859565,
      0.1106253312135665,
      0.021904257198374848,
      0.1310994252170723,
      0.05044472135092168,
      0.04202294504361278
    ],
    [
      0.05075663899193311,
      0.05479597244303127,
      0.029773088596618008,
      0.06229759170935641,
      0.04637903623704841,
      0.05919041213158861,
      0.04570747217806042,
      0.031796502384737683,
      0.1257728316551846,
      0.03488782900547607,
      0.03251448792245757,
      0.0392156862745098,
      0.027230850760262524,
      1,
      0.02623211446740859,
      0.0807631160572337,
      0.03449438743556391,
      0.10413354531001591,
      0.19102360278830866,
      0.051751548708952363,
      0.12668395950129696,
      0.02233704292527822,
      0.04960254372019079,
      0.05405405405405406,
      0.0392156862745098,
      0.029390280582649426,
      0.031100953895071545,
      0.14308426073131955,
      0.025179392428994977,
      0.019891300329056828,
      0.051751548708952363,
      0.02623211446740859,
      0.019358458804825587,
      0.011517399752693872,
      0.020968504275340527,
      0.027344992050874404,
      0.06856984862099952,
      0.04440911499735029,
      0.07383854442677973,
      0.031796502384737683,
      0.012644655599511964,
      0.09351062292238763,
      0.029390280582649426,
      0.020082001506150114,
      0.06786908612466423,
      0.027488589158418383,
      0.08642867466396878,
      0.02148202722090814,
      0.06518282988871224,
      0.06518282988871224
    ],
    [
      0.08398662354037609,
      0.1643301055065761,
      0.05850556438791733,
      0.07226477814713109,
      0.1579226285108638,
      0.06060039278032358,
      0.08465818759936407,
      0.2781134075251722,
      0.02623211446740859,
      0.19761526232114468,
      0.046233833197267225,
      0.076986076986077,
      0.2168856162664212,
      0.02623211446740859,
      1,
      0.05886649765823058,
      0.10846140257904964,
      0.02115158636897767,
      0.035220741103094054,
      0.12438791732909381,
      0.04720557661734133,
      0.22964140611199435,
      0.019891300329056828,
      0.04181240063593005,
      0.15606783253842074,
      0.06307738581188503,
      0.0700516693163752,
      0.025282097018108497,
      0.05886649765823058,
      0.09114997350291468,
      0.07226477814713109,
      0.2382971206500618,
      0.10113733643145408,
      0.14308426073131955,
      0.16534181240063592,
      0.08277347556284938,
      0.04960254372019079,
      0.0859565447800742,
      0.09282527309092774,
      0.1306200317965024,
      0.2885002649708532,
      0.04878252865868966,
      0.24389787711587016,
      0.04570747217806042,
      0.08642867466396878,
      0.12276214833759591,
      0.01649443561208267,
      0.16340637312504316,
      0.04878252865868966,
      0.03402225755166932
    ],
    [
      0.29888712241653415,
      0.08935913601228003,
      0.014377548904403124,
      0.05601795567193491,
      0.07037625861155274,
      0.0533795827913475,
      0.184085013806376,
      0.0700516693163752,
      0.06266988050669266,
      0.04720557661734133,
      0.0891525009172068,
      0.0807631160572337,
      0.0528826039661953,
      0.0807631160572337,
      0.05886649765823058,
      1,
      0.08744038155802863,
      0.0533795827913475,
      0.13529411764705881,
      0.10113733643145408,
      0.2655007949125596,
      0.06295707472178061,
      0.15173997526938704,
      0.04202294504361278,
      0.1142318789377613,
      0.07492050874403816,
      0.06266988050669266,
      0.10767451943922532,
      0.09300476947535773,
      0.042925278219395874,
      0.22098569157392686,
      0.08779937432688856,
      0.040699523052464236,
      0.0528826039661953,
      0.06518282988871224,
      0.04058237804367836,
      0.28590355060943295,
      0.16768471257635345,
      0.0859565447800742,
      0.2766295707472178,
      0.056527115350644766,
      0.14308426073131955,
      0.07492050874403816,
      0.08398662354037609,
      0.06976526699710091,
      0.05057631160572337,
      0.0533795827913475,
      0.04570747217806042,
      0.23656597774244834,
      0.03360116873630388
    ],
    [
      0.13529411764705881,
      0.0628221804692393,
      0.02066772655007949,
      0.08187599364069952,
      0.12183841595606303,
      0.05764398174265347,
      0.1505034446210917,
      0.10113733643145408,
      0.027230850760262524,
      0.10269092622033799,
      0.07074721780604133,
      0.11711711711711713,
      0.0859565447800742,
      0.03449438743556391,
      0.10846140257904964,
      0.08744038155802863,
      1,
      0.03360116873630388,
      0.07716766540295952,
      0.21124801271860094,
      0.06031399046104929,
      0.10269092622033799,
      0.04083863275039746,
      0.0533795827913475,
      0.3228567934450287,
      0.09300476947535773,
      0.17974375759842887,
      0.02623211446740859,
      0.13600231247290073,
      0.119114589702825,
      0.07037625861155274,
      0.10846140257904964,
      0.0869952305246423,
      0.0859565447800742,
      0.12892036421448186,
      0.09514491867433045,
      0.06518282988871224,
      0.13566507684154744,
      0.10712975418857773,
      0.18636283342165694,
      0.09300476947535773,
      0.06266988050669266,
      0.09300476947535773,
      0.12276214833759591,
      0.03550609432962375,
      0.09114997350291468,
      0.027230850760262524,
      0.09856915739268682,
      0.06266988050669266,
      0.062496573652760276
    ],
    [
      0.031796502384737683,
      0.03648230273617271,
      0.14308426073131955,
      0.06786908612466423,
      0.04393698511345571,
      0.04570747217806042,
      0.04354354354354355,
      0.025282097018108497,
      1,
      0.028086910439851624,
      0.019240960417431004,
      0.014979685567920864,
      0.01711598958157156,
      0.10413354531001591,
      0.02115158636897767,
      0.0533795827913475,
      0.03360116873630388,
      1,
      0.07453100158982513,
      0.027230850760262524,
      0.05764398174265347,
      0.013248542660307366,
      0.022893481717011128,
      0.23211446740858505,
      0.031796502384737683,
      0.013801035077630823,
      0.008527243821361469,
      0.03754038668649674,
      0.025282097018108497,
      0.025366543013601837,
      0.027230850760262524,
      0.031796502384737683,
      0.020082001506150114,
      0.01271860095389507,
      0.016267977964284395,
      0.06786908612466423,
      0.04256628545053593,
      0.03488782900547607,
      0.035220741103094054,
      0.025282097018108497,
      0.009538950715421303,
      0.07074721780604133,
      0.02351462269382926,
      0.010990530172115853,
      0.05405405405405406,
      0.015246015246015248,
      0.22098569157392686,
      0.01271860095389507,
      0.04227064434676892,
      0.20985691573926868
    ],
    [
      0.09351062292238763,
      0.040699523052464236,
      0.020082001506150114,
      0.037688207238380254,
      0.07117524764583588,
      0.051751548708952363,
      0.10921407340844683,
      0.05057631160572337,
      0.07453100158982513,
      0.037812056889958326,
      0.035969793322734506,
      0.02828215212116141,
      0.051435518563546244,
      0.19102360278830866,
      0.035220741103094054,
      0.13529411764705881,
      0.07716766540295952,
      0.07453100158982513,
      1,
      0.09114997350291468,
      0.1820349761526232,
      0.019891300329056828,
      0.07934672640554995,
      0.04759218421457511,
      0.09114997350291468,
      0.0392156862745098,
      0.027344992050874404,
      0.2833068362480127,
      0.05057631160572337,
      0.03402225755166932,
      0.1275039745627981,
      0.035220741103094054,
      0.029773088596618008,
      0.019150166208989742,
      0.03055997173644233,
      0.013248542660307366,
      0.10413354531001591,
      0.11340752517223106,
      0.0891525009172068,
      0.07074721780604133,
      0.015609192079780317,
      0.16141400916487422,
      0.06518282988871224,
      0.04393698511345571,
      0.03648230273617271,
      0.031100953895071545,
      0.07453100158982513,
      0.019150166208989742,
      0.11340752517223106,
      0.056527115350644766
    ],
    [
      0.0976417594064653,
      0.12953618580217047,
      0.046853081455157576,
      0.06031399046104929,
      0.10413354531001591,
      0.040699523052464236,
      0.11192368839427665,
      0.11711711711711713,
      0.02148202722090814,
      0.06754347930818519,
      0.05057631160572337,
      0.06518282988871224,
      0.13010068892421833,
      0.051751548708952363,
      0.12438791732909381,
      0.10113733643145408,
      0.21124801271860094,
      0.027230850760262524,
      0.09114997350291468,
      1,
      0.06031399046104929,
      0.08935913601228003,
      0.04083863275039746,
      0.031225795931678287,
      0.398034398034398,
      0.05219925808161103,
      0.07960902078549137,
      0.059618441971383156,
      0.06518282988871224,
      0.13659247482776896,
      0.06031399046104929,
      0.10846140257904964,
      0.062496573652760276,
      0.0859565447800742,
      0.1106253312135665,
      0.051435518563546244,
      0.1275039745627981,
      0.11598811087302137,
      0.09300476947535773,
      0.11711711711711713,
      0.0807631160572337,
      0.08537949714420304,
      0.16645468998410173,
      0.058100881630293394,
      0.0859565447800742,
      0.06518282988871224,
      0.040699523052464236,
      0.0859565447800742,
      0.07324159859656817,
      0.03624801271860096
    ],
    [
      0.13529411764705881,
      0.0628221804692393,
      0.015609192079780317,
      0.04354354354354355,
      0.0891525009172068,
      0.07960902078549137,
      0.20723838024876087,
      0.08744038155802863,
      0.05764398174265347,
      0.06754347930818519,
      0.08316008316008316,
      0.07556968733439322,
      0.056527115350644766,
      0.12668395950129696,
      0.04720557661734133,
      0.2655007949125596,
      0.06031399046104929,
      0.05764398174265347,
      0.1820349761526232,
      0.06031399046104929,
      1,
      0.04321063144592557,
      0.20985691573926868,
      0.06266988050669266,
      0.08277347556284938,
      0.10712975418857773,
      0.0486582839524016,
      0.17229729729729729,
      0.11711711711711713,
      0.03331406272582744,
      0.1508744038155803,
      0.06295707472178061,
      0.062496573652760276,
      0.056527115350644766,
      0.06031399046104929,
      0.030127186009538957,
      0.22098569157392686,
      0.13566507684154744,
      0.10712975418857773,
      0.10113733643145408,
      0.031796502384737683,
      0.27491745138803964,
      0.044682453351184,
      0.09114997350291468,
      0.056527115350644766,
      0.06518282988871224,
      0.0486582839524016,
      0.04181240063593005,
      0.43737855502561385,
      0.0526180829786143
    ],
    [
      0.07861411106847212,
      0.1820349761526232,
      0.03288223661250921,
      0.13631022326674502,
      0.09692044986162635,
      0.10113733643145408,
      0.06976526699710091,
      0.22556812868231552,
      0.0177645676366904,
      0.22098569157392686,
      0.09114997350291468,
      0.14308426073131955,
      0.24389787711587016,
      0.02233704292527822,
      0.22964140611199435,
      0.06295707472178061,
      0.10269092622033799,
      0.013248542660307366,
      0.019891300329056828,
      0.08935913601228003,
      0.04321063144592557,
      1,
      0.02148202722090814,
      0.031796502384737683,
      0.10153683094859565,
      0.08779937432688856,
      0.13600231247290073,
      0.011517399752693872,
      0.07226477814713109,
      0.09785117185496693,
      0.05044472135092168,
      0.2696740858505564,
      0.12892036421448186,
      0.24389787711587016,
      0.3108719579307815,
      0.11815580286168521,
      0.04515103338632751,
      0.0700516693163752,
      0.05886649765823058,
      0.10846140257904964,
      0.4121982945512357,
      0.03791732909379969,
      0.17276099629040803,
      0.09856915739268682,
      0.12000235529647295,
      0.13566507684154744,
      0.0177645676366904,
      0.2086854656514099,
      0.03791732909379969,
      0.03648230273617271
    ],
    [
      0.10413354531001591,
      0.03624801271860096,
      0.0014452955629426232,
      0.020082001506150114,
      0.05405405405405406,
      0.08211792355014863,
      0.12082670906200317,
      0.037688207238380254,
      0.016757616121686077,
      0.0486582839524016,
      0.10413354531001591,
      0.07716766540295952,
      0.03238222742866706,
      0.04960254372019079,
      0.019891300329056828,
      0.15173997526938704,
      0.04083863275039746,
      0.022893481717011128,
      0.07934672640554995,
      0.04083863275039746,
      0.20985691573926868,
      0.02148202722090814,
      1,
      0.027344992050874404,
      0.0533795827913475,
      0.0976417594064653,
      0.029773088596618008,
      0.07226477814713109,
      0.1275039745627981,
      0.030127186009538957,
      0.08465818759936407,
      0.037812056889958326,
      0.05075663899193311,
      0.0392156862745098,
      0.03310577012999159,
      0.020082001506150114,
      0.14308426073131955,
      0.08889196101472317,
      0.0976417594064653,
      0.07716766540295952,
      0.01695813460519343,
      0.1522491349480969,
      0.02828215212116141,
      0.11340752517223106,
      0.0392156862745098,
      0.042925278219395874,
      0.022893481717011128,
      0.0392156862745098,
      0.2847232258996965,
      0.018441971383147855
    ],
    [
      0.03624801271860096,
      0.04058237804367836,
      0.17974375759842887,
      0.07324159859656817,
      0.07960902078549137,
      0.05998940116587176,
      0.07556968733439322,
      0.04960254372019079,
      0.19177265500794913,
      0.0700516693163752,
      0.029390280582649426,
      0.029082166815308858,
      0.03076126742337413,
      0.05405405405405406,
      0.04181240063593005,
      0.04202294504361278,
      0.0533795827913475,
      0.23211446740858505,
      0.04759218421457511,
      0.031225795931678287,
      0.06266988050669266,
      0.031796502384737683,
      0.027344992050874404,
      1,
      0.056527115350644766,
      0.0392156862745098,
      0.02828215212116141,
      0.027344992050874404,
      0.058100881630293394,
      0.04720557661734133,
      0.037812056889958326,
      0.056527115350644766,
      0.04570747217806042,
      0.03668230640970957,
      0.037812056889958326,
      0.11598811087302137,
      0.031796502384737683,
      0.046853081455157576,
      0.046233833197267225,
      0.04202294504361278,
      0.03288223661250921,
      0.10413354531001591,
      0.03288223661250921,
      0.04354354354354355,
      0.07774757679881021,
      0.06806806806806807,
      0.1603956898074545,
      0.03668230640970957,
      0.07631160572337042,
      0.2729199788023317
    ],
    [
      0.1505034446210917,
      0.09634340222575516,
      0.03668230640970957,
      0.07226477814713109,
      0.13631022326674502,
      0.05219925808161103,
      0.1643301055065761,
      0.1306200317965024,
      0.02623211446740859,
      0.10153683094859565,
      0.0628221804692393,
      0.08779937432688856,
      0.1257728316551846,
      0.0392156862745098,
      0.15606783253842074,
      0.1142318789377613,
      0.3228567934450287,
      0.031796502384737683,
      0.09114997350291468,
      0.398034398034398,
      0.08277347556284938,
      0.10153683094859565,
      0.0533795827913475,
      0.056527115350644766,
      1,
      0.07186009538950715,
      0.10712975418857773,
      0.04515103338632751,
      0.10010416095608794,
      0.17018041058961775,
      0.08277347556284938,
      0.12082670906200317,
      0.10113733643145408,
      0.09785117185496693,
      0.12438791732909381,
      0.07226477814713109,
      0.09114997350291468,
      0.1501662089897384,
      0.10547667342799188,
      0.17276099629040803,
      0.10547667342799188,
      0.09856915739268682,
      0.15663233566046864,
      0.09114997350291468,
      0.05919041213158861,
      0.10569157392686805,
      0.03791732909379969,
      0.09785117185496693,
      0.0859565447800742,
      0.06518282988871224
    ],
    [
      0.06031399046104929,
      0.07226477814713109,
      0.013248542660307366,
      0.10712975418857773,
      0.07556968733439322,
      0.12276214833759591,
      0.12438791732909381,
      0.0859565447800742,
      0.013801035077630823,
      0.1498582981958941,
      0.17770711888358948,
      0.287758346581876,
      0.06518282988871224,
      0.029390280582649426,
      0.06307738581188503,
      0.07492050874403816,
      0.09300476947535773,
      0.013801035077630823,
      0.0392156862745098,
      0.05219925808161103,
      0.10712975418857773,
      0.08779937432688856,
      0.0976417594064653,
      0.0392156862745098,
      0.07186009538950715,
      1,
      0.19807350603198354,
      0.02828215212116141,
      0.3508214096449391,
      0.06951068715774598,
      0.05219925808161103,
      0.07186009538950715,
      0.11598811087302137,
      0.18982511923688394,
      0.14308426073131955,
      0.0807631160572337,
      0.06518282988871224,
      0.0628221804692393,
      0.10413354531001591,
      0.07492050874403816,
      0.0528826039661953,
      0.09692044986162635,
      0.0528826039661953,
      0.3108719579307815,
      0.06518282988871224,
      0.10413354531001591,
      0.029082166815308858,
      0.14308426073131955,
      0.11192368839427665,
      0.025282097018108497
    ],
    [
      0.06806806806806807,
      0.07037625861155274,
      0,
      0.1282458929517753,
      0.062496573652760276,
      0.10767451943922532,
      0.07037625861155274,
      0.08537949714420304,
      0.013248542660307366,
      0.10113733643145408,
      0.13488411011630824,
      0.22617912029676737,
      0.07272167803477102,
      0.031100953895071545,
      0.0700516693163752,
      0.06266988050669266,
      0.17974375759842887,
      0.008527243821361469,
      0.027344992050874404,
      0.07960902078549137,
      0.0486582839524016,
      0.13600231247290073,
      0.029773088596618008,
      0.02828215212116141,
      0.10712975418857773,
      0.19807350603198354,
      1,
      0.016757616121686077,
      0.15948456196134214,
      0.07774757679881021,
      0.03360116873630388,
      0.09300476947535773,
      0.11971383147853737,
      0.12953618580217047,
      0.1282458929517753,
      0.10921407340844683,
      0.03449438743556391,
      0.05057631160572337,
      0.10569157392686805,
      0.08537949714420304,
      0.12276214833759591,
      0.04227064434676892,
      0.06769577927073184,
      0.169051404345522,
      0.07272167803477102,
      0.10598834128245893,
      0.018441971383147855,
      0.17588486319136473,
      0.04227064434676892,
      0.02623211446740859
    ],
    [
      0.05919041213158861,
      0.03624801271860096,
      0.015981926198644466,
      0.014546899841017487,
      0.028523333021602922,
      0.029773088596618008,
      0.0526180829786143,
      0.03055997173644233,
      0.04637903623704841,
      0.016267977964284395,
      0.031100953895071545,
      0.024182076813655758,
      0.0392156862745098,
      0.14308426073131955,
      0.025282097018108497,
      0.10767451943922532,
      0.02623211446740859,
      0.03754038668649674,
      0.2833068362480127,
      0.059618441971383156,
      0.17229729729729729,
      0.011517399752693872,
      0.07226477814713109,
      0.027344992050874404,
      0.04515103338632751,
      0.02828215212116141,
      0.016757616121686077,
      1,
      0.03055997173644233,
      0.024377318494965557,
      0.08465818759936407,
      0.025282097018108497,
      0.025051789757672114,
      0.02066772655007949,
      0.020082001506150114,
      0.000829473975254027,
      0.14308426073131955,
      0.051751548708952363,
      0.07074721780604133,
      0.037688207238380254,
      0.012068217950570892,
      0.12668395950129696,
      0.05057631160572337,
      0.025179392428994977,
      0.046853081455157576,
      0.013248542660307366,
      0.04637903623704841,
