{
  "metadata": {
    "created": "2025-12-12T22:53:37.801Z",
    "num_animals": 50,
    "num_features": 85,
    "mean_distance": 14.952839403180967,
    "beta": 0.06687693039672898,
    "formula": {
      "distance": "d_ij = Σ w_k * |x_ik - x_jk|",
      "similarity": "S(i,j) = 1 / (1 + β * d_ij)",
      "beta": "β = 1 / mean(d)"
    }
  },
  "animals": [
    "antelope",
    "grizzly bear",
    "killer whale",
    "beaver",
    "dalmatian",
    "persian cat",
    "horse",
    "german shepherd",
    "blue whale",
    "siamese cat",
    "skunk",
    "mole",
    "tiger",
    "hippopotamus",
    "leopard",
    "moose",
    "spider monkey",
    "humpback whale",
    "elephant",
    "gorilla",
    "ox",
    "fox",
    "sheep",
    "seal",
    "chimpanzee",
    "hamster",
    "squirrel",
    "rhinoceros",
    "rabbit",
    "bat",
    "giraffe",
    "wolf",
    "chihuahua",
    "rat",
    "weasel",
    "otter",
    "buffalo",
    "zebra",
    "giant panda",
    "deer",
    "bobcat",
    "pig",
    "lion",
    "mouse",
    "polar bear",
    "collie",
    "walrus",
    "raccoon",
    "cow",
    "dolphin"
  ],
  "features": [
    "black",
    "white",
    "blue",
    "brown",
    "gray",
    "orange",
    "red",
    "yellow",
    "patches",
    "spots",
    "stripes",
    "furry",
    "hairless",
    "toughskin",
    "big",
    "small",
    "bulbous",
    "lean",
    "flippers",
    "hands",
    "hooves",
    "pads",
    "paws",
    "longleg",
    "longneck",
    "tail",
    "chewteeth",
    "meatteeth",
    "buckteeth",
    "strainteeth",
    "horns",
    "claws",
    "tusks",
    "smelly",
    "flys",
    "hops",
    "swims",
    "tunnels",
    "walks",
    "fast",
    "slow",
    "strong",
    "weak",
    "muscle",
    "bipedal",
    "quadrapedal",
    "active",
    "inactive",
    "nocturnal",
    "hibernate",
    "agility",
    "fish",
    "meat",
    "plankton",
    "vegetation",
    "insects",
    "forager",
    "grazer",
    "hunter",
    "scavenger",
    "skimmer",
    "stalker",
    "newworld",
    "oldworld",
    "arctic",
    "coastal",
    "desert",
    "bush",
    "plains",
    "forest",
    "fields",
    "jungle",
    "mountains",
    "ocean",
    "ground",
    "water",
    "tree",
    "cave",
    "fierce",
    "timid",
    "smart",
    "group",
    "solitary",
    "nestspot",
    "domestic"
  ],
  "weights": {
    "black": 0.28282828282828276,
    "white": 0.39467849223946777,
    "blue": 0.3376623376623377,
    "brown": 0.29787234042553196,
    "gray": 0.2922077922077922,
    "orange": 0.4090909090909091,
    "red": 0,
    "yellow": 0.7272727272727273,
    "patches": 0.3295454545454545,
    "spots": 0.4401913875598086,
    "stripes": 0.8636363636363636,
    "furry": 0.47335423197492166,
    "hairless": 0.38636363636363635,
    "toughskin": 0.5046382189239332,
    "big": 0.6994434137291281,
    "small": 0.6332288401253918,
    "bulbous": 0.435064935064935,
    "lean": 0.4611973392461197,
    "flippers": 0.8016528925619835,
    "hands": 0.7818181818181819,
    "hooves": 0.7035573122529644,
    "pads": 0.25,
    "paws": 0.6041055718475072,
    "longleg": 0.5090909090909091,
    "longneck": 0.5454545454545454,
    "tail": 0.6363636363636362,
    "chewteeth": 0.5115332428765265,
    "meatteeth": 0.4195804195804196,
    "buckteeth": 0.6433566433566434,
    "strainteeth": 0.2090909090909091,
    "horns": 0.6181818181818182,
    "claws": 0.6,
    "tusks": 0.9454545454545454,
    "smelly": 0.23636363636363641,
    "flys": 1,
    "hops": 0.6590909090909092,
    "swims": 0.9169960474308302,
    "tunnels": 0.7272727272727273,
    "walks": 0.48443337484433374,
    "fast": 0.6089813800657174,
    "slow": 0.2568181818181818,
    "strong": 0.69150521609538,
    "weak": 0.2597402597402597,
    "muscle": 0.5986277873070326,
    "bipedal": 0.3181818181818182,
    "quadrapedal": 0.5076741440377803,
    "active": 0.6042780748663101,
    "inactive": 0.23824451410658307,
    "nocturnal": 0.5324675324675324,
    "hibernate": 0.5151515151515151,
    "agility": 0.6776859504132232,
    "fish": 0.34740259740259744,
    "meat": 0.4297520661157025,
    "plankton": 0.6103896103896104,
    "vegetation": 0.5187165775401069,
    "insects": 0.45454545454545453,
    "forager": 0.4841897233201581,
    "grazer": 0.6711229946524064,
    "hunter": 0.6666666666666666,
    "scavenger": 0.45454545454545453,
    "skimmer": 0.3636363636363636,
    "stalker": 0.5454545454545454,
    "newworld": 0.15454545454545454,
    "oldworld": 0.22782037239868563,
    "arctic": 0.512987012987013,
    "coastal": 0.6280991735537189,
    "desert": 0.5636363636363635,
    "bush": 0.26203208556149726,
    "plains": 0.45454545454545453,
    "forest": 0.4144385026737968,
    "fields": 0.5513196480938416,
    "jungle": 0.5909090909090909,
    "mountains": 0.46818181818181814,
    "ocean": 0.9090909090909092,
    "ground": 0.45454545454545453,
    "water": 0.8977272727272727,
    "tree": 0.6033057851239668,
    "cave": 0.8181818181818181,
    "fierce": 0.6920821114369502,
    "timid": 0.33155080213903737,
    "smart": 0.5764023210831721,
    "group": 0.5227272727272727,
    "solitary": 0.3821892393320964,
    "nestspot": 0.435064935064935,
    "domestic": 0.37121212121212127
  },
  "similarity_matrix": [
    [
      1,
      0.47911018600843597,
      0.43263284878109654,
      0.4869226466539585,
      0.6092223320166007,
      0.4848135640331441,
      0.7296447571503565,
      0.5476570923066124,
      0.4528341416142661,
      0.48255778004130284,
      0.5137445988087439,
      0.5095943377047747,
      0.4870784975355476,
      0.5245657514419733,
      0.5042892933581407,
      0.7470654718393955,
      0.5924822455835592,
      0.4516230844524885,
      0.587937128807678,
      0.5638948549839747,
      0.6466079537056366,
      0.5111906966803398,
      0.6097730889684715,
      0.4493880356218215,
      0.5905210682304102,
      0.4937857019191498,
      0.5146360567573016,
      0.5498173026252516,
      0.5488406737778794,
      0.4344949660157584,
      0.6968317648869845,
      0.5241560422116737,
      0.49081266554154973,
      0.4474007030427818,
      0.5080200892541796,
      0.423684150281167,
      0.684039875623809,
      0.7821021501233129,
      0.48040540000991283,
      0.8084168443341877,
      0.480494509467682,
      0.5679451829059398,
      0.507450713104395,
      0.5436771545740751,
      0.4443742258800771,
      0.5466322396695189,
      0.4218773892746996,
      0.46420331266444875,
      0.6783297709653445,
      0.5208007386047894
    ],
    [
      0.47911018600843597,
      1,
      0.4404654151963312,
      0.5164484477567038,
      0.5269481044830356,
      0.5246761387996995,
      0.45039337726528234,
      0.6045989092287832,
      0.4337393563795073,
      0.5765960153230756,
      0.5106842497881616,
      0.5045594277754297,
      0.5567620871300422,
      0.5012530741942933,
      0.5905517434558715,
      0.4993404959466129,
      0.4694545749392915,
      0.4301549400274739,
      0.47105277233377985,
      0.5710296060561927,
      0.47842389279440106,
      0.6306357256287864,
      0.45941185797709544,
      0.4245238551517399,
      0.5055397177603963,
      0.4706780818015672,
      0.4973574332602526,
      0.46436705520411586,
      0.4350295275010107,
      0.5318286170599629,
      0.4300024910162498,
      0.665958795392052,
      0.5398387155529992,
      0.5296556106492643,
      0.5925538111032465,
      0.4615421422485158,
      0.5554445692335167,
      0.46121242928725853,
      0.5112608015352664,
      0.4647233628982121,
      0.6078349344864751,
      0.49443209314364267,
      0.5941246065306426,
      0.4340724215645395,
      0.5969713519628396,
      0.5386550725475815,
      0.43343627443533084,
      0.5277749120234039,
      0.46752791012004796,
      0.4264036522542455
    ],
    [
      0.43263284878109654,
      0.4404654151963312,
      1,
      0.4836827997764288,
      0.5210881865779186,
      0.4386127993621741,
      0.44245869689316825,
      0.4758184294441196,
      0.630322121833851,
      0.44797540904943517,
      0.3995911505382588,
      0.3703131552158612,
      0.44817658963870916,
      0.47389160365419536,
      0.4520201505990775,
      0.39632308950736084,
      0.4082343765220465,
      0.6538300726541566,
      0.4342856038548608,
      0.45939159930036694,
      0.4061744575812333,
      0.42776165312888337,
      0.39888882715770957,
      0.7005954884707862,
      0.42732440232946284,
      0.37525276082253967,
      0.3784044052842785,
      0.4308592230395806,
      0.4018974263372078,
      0.40916813142450886,
      0.4111550140372733,
      0.4617923561527656,
      0.4518070619645796,
      0.4226840128025602,
      0.43519902405942096,
      0.5521731761853013,
      0.43375122610138045,
      0.4431951202034998,
      0.4007105933823714,
      0.4222325654792164,
      0.4218035048720946,
      0.4780774590144055,
      0.45883450070636894,
      0.37798136050202047,
      0.5357761761641207,
      0.4955251593706388,
      0.5858916291635733,
      0.4127980417757818,
      0.44280569025068317,
      0.6556486269577763
    ],
    [
      0.4869226466539585,
      0.5164484477567038,
      0.4836827997764288,
      1,
      0.5295826638834239,
      0.56081716471344,
      0.4972186499823884,
      0.5050333097768648,
      0.508638638340304,
      0.5348552552994627,
      0.5158543526583205,
      0.5417206013558422,
      0.5093074556189541,
      0.5332399982701582,
      0.47124459229952737,
      0.45841160246796847,
      0.5172233653756784,
      0.5157130939404793,
      0.47194467506760507,
      0.4834714850535987,
      0.45580288713950223,
      0.5689240880672728,
      0.44156008069211444,
      0.5230959429260146,
      0.47933661224963636,
      0.5418279917650942,
      0.5792088134348685,
      0.42167620452593857,
      0.5153508937832454,
      0.444938190337292,
      0.430745593401541,
      0.48780320429522633,
      0.5306716529076884,
      0.5070270668404895,
      0.5218892029640109,
      0.6249134726468278,
      0.47148232723547245,
      0.4739520037976024,
      0.485447750392424,
      0.47268569749250633,
      0.48841635638528935,
      0.4517383636920377,
      0.4859154047249317,
      0.5330970487680079,
      0.5276245202241122,
      0.5308997712577227,
      0.5317374622007333,
      0.4987347077882492,
      0.460251071801094,
      0.5577891051779066
    ],
    [
      0.6092223320166007,
      0.5269481044830356,
      0.5210881865779186,
      0.5295826638834239,
      1,
      0.6197038696724989,
      0.6491588336765207,
      0.7098919217393213,
      0.4967399892620441,
      0.6487571829508763,
      0.5241307647867264,
      0.4908311475542235,
      0.5964090950945496,
      0.5217834252704739,
      0.593876802373415,
      0.5184333239969611,
      0.5909886717699473,
      0.47819100612563437,
      0.563438713824089,
      0.5805253216131782,
      0.5502007104349435,
      0.5527965019374096,
      0.5191630307252161,
      0.5152224972411169,
      0.5837479051094416,
      0.5043793697014782,
      0.5204464942345736,
      0.4772121134948596,
      0.5287079166323003,
      0.442152399336028,
      0.5622186174875655,
      0.6028249062651341,
      0.6236657312563916,
      0.5006808007095449,
      0.5805291703803724,
      0.4917952238437769,
      0.5183634609904273,
      0.6222691257479471,
      0.546649599695782,
      0.6131682069549835,
      0.5364925602291047,
      0.5766004437155119,
      0.5547531301259286,
      0.5192504108845375,
      0.48534557604431666,
      0.7483176357918255,
      0.44862269792294307,
      0.5306094974530566,
      0.5730536718844506,
      0.5772047456244097
    ],
    [
      0.4848135640331441,
      0.5246761387996995,
      0.4386127993621741,
      0.56081716471344,
      0.6197038696724989,
      1,
      0.49887997387621763,
      0.5920338245785156,
      0.4809621363436001,
      0.6954001745326327,
      0.6039620395711756,
      0.5678714101747369,
      0.5117815006762659,
      0.5266168931832561,
      0.48799252662710796,
      0.4800352321653595,
      0.5171200629814409,
      0.46811947790999503,
      0.5150121658198286,
      0.4850271469181588,
      0.5307224487159711,
      0.5701973710474443,
      0.571640568640027,
      0.4844508857571597,
      0.47906199529087984,
      0.5913270645569854,
      0.6099951974157822,
      0.4729858047185001,
      0.5714124147521307,
      0.44491817956584745,
      0.4471036290401576,
      0.5271398028475773,
      0.7214340237215205,
      0.5586674214094239,
      0.604770453419567,
      0.5498501475142614,
      0.48705009404498034,
      0.4840123976070549,
      0.5506355486251598,
      0.4640283332258828,
      0.5224395015688723,
      0.5280355208795895,
      0.5123019289305211,
      0.5578335464635997,
      0.5215753493879227,
      0.7110585986151335,
      0.4542765462101356,
      0.5893191494415119,
      0.5068997056367013,
      0.4983628957235982
    ],
    [
      0.7296447571503565,
      0.45039337726528234,
      0.44245869689316825,
      0.4972186499823884,
      0.6491588336765207,
      0.49887997387621763,
      1,
      0.5997979880735143,
      0.4439321497633724,
      0.5284341497680027,
      0.4879278317425975,
      0.5038383618007355,
      0.5186349734620522,
      0.49316542299364,
      0.482627916412407,
      0.6391050691581349,
      0.58166994709842,
      0.4503107222630657,
      0.5835905946029957,
      0.5518083639723385,
      0.6498280996642551,
      0.4843778098043966,
      0.5913125327017072,
      0.478601938112403,
      0.5729894442293193,
      0.5349152583057807,
      0.4991593040014915,
      0.5022011230395036,
      0.5889552338001681,
      0.4230292133886501,
      0.6712659802204671,
      0.513074711062747,
      0.5200794593004674,
      0.4770876740398487,
      0.5080822502376413,
      0.4386171242101435,
      0.6022186649416393,
      0.7916665041446295,
      0.5103852552990383,
      0.7280440162799637,
      0.44403053343012283,
      0.6195887911977248,
      0.4739497485200494,
      0.5879734901488184,
      0.4182042912315011,
      0.5792435699727523,
      0.4430401420433155,
      0.45637152924050056,
      0.684204420953075,
      0.5370679558546286
    ],
    [
      0.5476570923066124,
      0.6045989092287832,
      0.4758184294441196,
      0.5050333097768648,
      0.7098919217393213,
      0.5920338245785156,
      0.5997979880735143,
      1,
      0.42919982644942006,
      0.7562629839133167,
      0.4828442475351979,
      0.5018092378829232,
      0.6804256060408379,
      0.4751719535059788,
      0.6953135783750881,
      0.4897266476439959,
      0.5380756443332648,
      0.4256897431086768,
      0.4997212760330316,
      0.5683344919086333,
      0.5191966882044396,
      0.6798016654465422,
      0.4690705074297572,
      0.458404504947411,
      0.5573005549615767,
      0.4950407614603892,
      0.5251509293255213,
      0.4576891618245466,
      0.48785461618675385,
      0.4669002204544309,
      0.5126596344924641,
      0.7119908390682735,
      0.6839818021367815,
      0.5721477600626353,
      0.6751768128938174,
      0.5001232427799321,
      0.5248515724759242,
      0.5422009300582233,
      0.4824806150358093,
      0.5451276246835073,
      0.6309668253712953,
      0.5155012128789477,
      0.6394939692071531,
      0.48718080431692234,
      0.5422302682325204,
      0.6966148205520762,
      0.41399251379659074,
      0.5313478484838506,
      0.5076731195331291,
      0.48943040637413177
    ],
    [
      0.4528341416142661,
      0.4337393563795073,
      0.630322121833851,
      0.508638638340304,
      0.4967399892620441,
      0.4809621363436001,
      0.4439321497633724,
      0.42919982644942006,
      1,
      0.41032073303868005,
      0.42875553271496253,
      0.3860039592211493,
      0.3955688103971868,
      0.6104375317911723,
      0.4032827651153649,
      0.48318776746530545,
      0.42640213796578036,
      0.8961229316305076,
      0.5314248793880338,
      0.43084742388230984,
      0.4854542330460846,
      0.39632180366513076,
      0.43952830882252586,
      0.6661679472088695,
      0.4126184739013297,
      0.38120836632491256,
      0.40522918617157194,
      0.48404833569008776,
      0.4053159088873084,
      0.37772433493890917,
      0.44703778319872745,
      0.416239625768455,
      0.4437656889398565,
      0.3727325094694772,
      0.4029014789288502,
      0.49900432337400363,
      0.47433846037751093,
      0.4415950673606302,
      0.44311951901759256,
      0.43302671762918293,
      0.3912020582139881,
      0.5108619219994293,
      0.41583311116478067,
      0.38840892589512094,
      0.4671001664036416,
      0.44572530047166314,
      0.6596730784286632,
      0.3798281543575264,
      0.4648067975371887,
      0.6781291251908868
    ],
    [
      0.48255778004130284,
      0.5765960153230756,
      0.44797540904943517,
      0.5348552552994627,
      0.6487571829508763,
      0.6954001745326327,
      0.5284341497680027,
      0.7562629839133167,
      0.41032073303868005,
      1,
      0.538005519243387,
      0.5369365823911403,
      0.5995382225339542,
      0.4521404496434169,
      0.6206589606070353,
      0.43705635069407395,
      0.5359751670167737,
      0.4071114979313294,
      0.4573734084113548,
      0.4947993268488467,
      0.471844652321637,
      0.6822408623686272,
      0.4751995933841736,
      0.4648581883429456,
      0.5189911739208259,
      0.5631184497837914,
      0.5497507041437838,
      0.4141615104365237,
      0.5246636827167207,
      0.5013257935229157,
      0.4552301712494492,
      0.6364643574676596,
      0.7279650482569513,
      0.5968935193974642,
      0.7139662069561376,
      0.5353798981223304,
      0.45543027411773906,
      0.4907071004224923,
      0.47013841021746944,
      0.4805928421028121,
      0.589172384136667,
      0.482543578815461,
      0.5576111522901848,
      0.5260170664168845,
      0.5064299557454384,
      0.7188716778919884,
      0.3914939342892013,
      0.5985627759552252,
      0.4623078836443814,
      0.4696007292306461
    ],
    [
      0.5137445988087439,
      0.5106842497881616,
      0.3995911505382588,
      0.5158543526583205,
      0.5241307647867264,
      0.6039620395711756,
      0.4879278317425975,
      0.4828442475351979,
      0.42875553271496253,
      0.538005519243387,
      1,
      0.653271556247117,
      0.4987467988105291,
      0.49288791519672787,
      0.4512381068509808,
      0.5257555586958291,
      0.5223869504445363,
      0.42525268300722224,
      0.4829373530885137,
      0.4795826823418232,
      0.5335698677531251,
      0.5467876908484312,
      0.5881620040939755,
      0.4359511409760115,
      0.47551377980916665,
      0.6384710107878278,
      0.6281635074119428,
      0.4767187221641645,
      0.6019627436380348,
      0.4381949175925406,
      0.4773651182724316,
      0.4831974326349611,
      0.6214908968862254,
      0.5814587538539434,
      0.5811650076547387,
      0.4814455356395678,
      0.5093294997656367,
      0.5337151413379171,
      0.5112684674846971,
      0.4853077849665281,
      0.49523174158805755,
      0.5274009765351027,
      0.47030307877474437,
      0.6239002973288248,
      0.47261162521498684,
      0.5752316459197432,
      0.3996435475879421,
      0.6295969876579544,
      0.5426486128492711,
      0.4244917001414516
    ],
    [
      0.5095943377047747,
      0.5045594277754297,
      0.3703131552158612,
      0.5417206013558422,
      0.4908311475542235,
      0.5678714101747369,
      0.5038383618007355,
      0.5018092378829232,
      0.3860039592211493,
      0.5369365823911403,
      0.653271556247117,
      1,
      0.4926738827039506,
      0.4686828956243396,
      0.4712287424580873,
      0.48497068334016025,
      0.53942594381756,
      0.38316251276745156,
      0.4362673338109416,
      0.482637526415162,
      0.4883216948723196,
      0.5882805991858429,
      0.5354228213537998,
      0.40412927959390976,
      0.48722910444175843,
      0.7203123657767269,
      0.684792364878035,
      0.4343129735985546,
      0.6375951987592716,
      0.49332258441878407,
      0.4559752743822442,
      0.49690661807802894,
      0.5712256044438739,
      0.7007730994711453,
      0.6359329457533499,
      0.5292710372327866,
      0.49062773667160453,
      0.4859521326575495,
      0.5098096804301484,
      0.5054672472985949,
      0.49581691512135007,
      0.4693625213423146,
      0.4633651005587474,
      0.6923673052083479,
      0.45316259392341024,
      0.5470375116513906,
      0.4074083654238622,
      0.5711447722484145,
      0.48648575536757166,
      0.4088116178727579
    ],
    [
      0.4870784975355476,
      0.5567620871300422,
      0.44817658963870916,
      0.5093074556189541,
      0.5964090950945496,
      0.5117815006762659,
      0.5186349734620522,
      0.6804256060408379,
      0.3955688103971868,
      0.5995382225339542,
      0.4987467988105291,
      0.4926738827039506,
      1,
      0.43998615454857454,
      0.6346635271716994,
      0.44376177193450905,
      0.5071414193043007,
      0.3925853461996746,
      0.46892410063406487,
      0.5515311987416708,
      0.4554330722105281,
      0.6665696141694858,
      0.43711239161371257,
      0.41386096483141305,
      0.5309983397539016,
      0.4643907978913951,
      0.49692276844035027,
      0.444795961569038,
      0.47756943761355236,
      0.4726267356938932,
      0.4648585082996705,
      0.6835269857338817,
      0.5495940681763978,
      0.5773800164185617,
      0.6015805969634487,
      0.4834201611078718,
      0.475252116845872,
      0.541298809653628,
      0.5105151821984018,
      0.49216835580396034,
      0.573564954660299,
      0.4507085743912662,
      0.6604136156956462,
      0.4959034383713798,
      0.494959790438217,
      0.5729951908574877,
      0.39853510417173754,
      0.5432005323280262,
      0.45257952279960717,
      0.4467994152469659
    ],
    [
      0.5245657514419733,
      0.5012530741942933,
      0.47389160365419536,
      0.5332399982701582,
      0.5217834252704739,
      0.5266168931832561,
      0.49316542299364,
      0.4751719535059788,
      0.6104375317911723,
      0.4521404496434169,
      0.49288791519672787,
      0.4686828956243396,
      0.43998615454857454,
      1,
      0.4343115788856185,
      0.5445948376566233,
      0.4757180356496628,
      0.5898973170011367,
      0.6776476474009243,
      0.52320288656018,
      0.6224399528819814,
      0.43520147509773605,
      0.5535194457336067,
      0.5092041596488488,
      0.4717803008451969,
      0.44417889410709366,
      0.4771340209656323,
      0.6385384263560017,
      0.4484242966580791,
      0.4078474756899777,
      0.5067965756484197,
      0.4318577467144199,
      0.47699790885009064,
      0.3958995998874777,
      0.4431483639987321,
      0.45421521396600584,
      0.5810211160733475,
      0.49530262650857015,
      0.5419703446718721,
      0.46656494807212756,
      0.40681746973205746,
      0.5847883194855155,
      0.45085173584354643,
      0.4400186810321965,
      0.5145491442761829,
      0.49551102986574325,
      0.5661823762032162,
      0.41721412931353435,
      0.5473813649900311,
      0.5597148288133222
    ],
    [
      0.5042892933581407,
      0.5905517434558715,
      0.4520201505990775,
      0.47124459229952737,
      0.593876802373415,
      0.48799252662710796,
      0.482627916412407,
      0.6953135783750881,
      0.4032827651153649,
      0.6206589606070353,
      0.4512381068509808,
      0.4712287424580873,
      0.6346635271716994,
      0.4343115788856185,
      1,
      0.4483101407152835,
      0.5265136502851221,
      0.39097035508259687,
      0.4460021138838955,
      0.5577652131849267,
      0.43558444473587654,
      0.6458997449352996,
      0.41068905825651103,
      0.4200157401948977,
      0.561896274925181,
      0.4483050922476643,
      0.486026601903652,
      0.42417892085508174,
      0.4415135135726243,
      0.48068365251448414,
      0.48182603446668315,
      0.6398591664016805,
      0.5459088393017842,
      0.5433844217901211,
      0.5881584251308899,
      0.458871123173906,
      0.4637003965508937,
      0.4928689990917213,
      0.49577416279809583,
      0.5335061739060453,
      0.6802398814609688,
      0.45025135530519905,
      0.6906806167656713,
      0.42955762329467845,
      0.4801986976993589,
      0.5651069262548416,
      0.3751000964736915,
      0.5567594151905254,
      0.43925696600677067,
      0.4219637232832861
    ],
    [
      0.7470654718393955,
      0.4993404959466129,
      0.39632308950736084,
      0.45841160246796847,
      0.5184333239969611,
      0.4800352321653595,
      0.6391050691581349,
      0.4897266476439959,
      0.48318776746530545,
      0.43705635069407395,
      0.5257555586958291,
      0.48497068334016025,
      0.44376177193450905,
      0.5445948376566233,
      0.4483101407152835,
      1,
      0.5178366964305525,
      0.4702275777459956,
      0.6059667265848385,
      0.5361402482769599,
      0.7117616057478144,
      0.46546390744447097,
      0.6291889065831137,
      0.4296529064338653,
      0.5249063955629852,
      0.4786015542893985,
      0.4822505334649414,
      0.582390768924049,
      0.5225823037870884,
      0.40300831130207093,
      0.6791794422548773,
      0.49227328518018587,
      0.4623658524901911,
      0.4278067874065381,
      0.4697065798421859,
      0.41226567430645317,
      0.7291526181158414,
      0.6475763440303475,
      0.5112392696738738,
      0.7105677224760852,
      0.43987630227481805,
      0.5987001418839721,
      0.47795232586619646,
      0.5026838699886267,
      0.4441516227177751,
      0.4814651786700358,
      0.4522237238503361,
      0.4301888850922539,
      0.6827869674969371,
      0.44273432319785777
    ],
    [
      0.5924822455835592,
      0.4694545749392915,
      0.4082343765220465,
      0.5172233653756784,
      0.5909886717699473,
      0.5171200629814409,
      0.58166994709842,
      0.5380756443332648,
      0.42640213796578036,
      0.5359751670167737,
      0.5223869504445363,
      0.53942594381756,
      0.5071414193043007,
      0.4757180356496628,
      0.5265136502851221,
      0.5178366964305525,
      1,
      0.4322835649268125,
      0.5495976372251397,
      0.6613774483839496,
      0.486625000025207,
      0.5412685354298581,
      0.488709719718897,
      0.4545928610689206,
      0.7092401449240749,
      0.5232087678617223,
      0.6193343861025227,
      0.4563458412126164,
      0.5836008880700932,
      0.5183497262547948,
      0.5120535119244605,
      0.5134704241551337,
      0.5461780972969903,
      0.48792050576216417,
      0.5617340502640573,
      0.49544720889572075,
      0.5166132061911854,
      0.5861015719876852,
      0.5505683407070043,
      0.6147261552452998,
      0.5157667261359196,
      0.48813963488393064,
      0.5293173370899352,
      0.5654082206674446,
      0.40969113749465674,
      0.5576257614098132,
      0.4150731833250728,
      0.5182472633737236,
      0.4946255400863946,
      0.4861424818971528
    ],
    [
      0.4516230844524885,
      0.4301549400274739,
      0.6538300726541566,
      0.5157130939404793,
      0.47819100612563437,
      0.46811947790999503,
      0.4503107222630657,
      0.4256897431086768,
      0.8961229316305076,
      0.4071114979313294,
      0.42525268300722224,
      0.38316251276745156,
      0.3925853461996746,
      0.5898973170011367,
      0.39097035508259687,
      0.4702275777459956,
      0.4322835649268125,
      1,
      0.5297577529053729,
      0.43685298257779065,
      0.4809685388199935,
      0.3875603802079929,
      0.4457800660733442,
      0.6924814843125008,
      0.4181233519451548,
      0.3784368303245644,
      0.39607405761435005,
      0.47104256138431927,
      0.4106264054731651,
      0.38233231489939834,
      0.43445272261332213,
      0.41293750874479807,
      0.44001435890891194,
      0.37008242062645363,
      0.3998068131205454,
      0.5156787972714808,
      0.4816279075619517,
      0.44790617922003506,
      0.4282991943629012,
      0.42120774841610725,
      0.3742315958069906,
      0.5039190394334593,
      0.414811655866908,
      0.38751761339960433,
      0.47305955019731416,
      0.4346738785215148,
      0.6955005202176764,
      0.3688868302502961,
      0.4590522640265555,
      0.7160469555464597
    ],
    [
      0.587937128807678,
      0.47105277233377985,
      0.4342856038548608,
      0.47194467506760507,
      0.563438713824089,
      0.5150121658198286,
      0.5835905946029957,
      0.4997212760330316,
      0.5314248793880338,
      0.4573734084113548,
      0.4829373530885137,
      0.4362673338109416,
      0.46892410063406487,
      0.6776476474009243,
      0.4460021138838955,
      0.6059667265848385,
      0.5495976372251397,
      0.5297577529053729,
      1,
      0.5643345123176208,
      0.6563528706374302,
      0.42724555201563774,
      0.5804709480398337,
      0.46985259348411074,
      0.5375878740777404,
      0.45384756573368856,
      0.4609856630848155,
      0.7289652042979806,
      0.4860032739088758,
      0.4200473318035402,
      0.5878758745053906,
      0.4460338814722181,
      0.4851654999023237,
      0.4015096750068581,
      0.4501893250515208,
      0.4020724674431624,
      0.6107893434588659,
      0.5877694790337424,
      0.562336812716581,
      0.5374172155316157,
      0.407427154260704,
      0.6436284259163016,
      0.49342577642011287,
      0.4753681955296643,
      0.42380767432843963,
      0.4964158339688143,
      0.5303060217254792,
      0.4098967403775046,
      0.6031793746202976,
      0.5125307788941426
    ],
    [
      0.5638948549839747,
      0.5710296060561927,
      0.45939159930036694,
      0.4834714850535987,
      0.5805253216131782,
      0.4850271469181588,
      0.5518083639723385,
      0.5683344919086333,
      0.43084742388230984,
      0.4947993268488467,
      0.4795826823418232,
      0.482637526415162,
      0.5515311987416708,
      0.52320288656018,
      0.5577652131849267,
      0.5361402482769599,
      0.6613774483839496,
      0.43685298257779065,
      0.5643345123176208,
      1,
      0.49306570762030516,
      0.5210110934875252,
      0.48633122519197014,
      0.43132037100033266,
      0.7632693780545765,
      0.45228637211411926,
      0.5223614742225133,
      0.5203521964292153,
      0.4890406103910679,
      0.5446966341989649,
      0.48692637674683287,
      0.5318586407095799,
      0.511625845965426,
      0.48294595028474324,
      0.5377777091784081,
      0.43721330588609136,
      0.6068969884245142,
      0.5646260159100216,
      0.5419540039240923,
      0.5618596577783642,
      0.49734067995505427,
      0.5436505158805818,
      0.597967488175502,
      0.47024946257408584,
      0.4925284085233655,
      0.5239683637897514,
      0.45204567909356314,
      0.5053539738620758,
      0.5112985987894413,
      0.4645346577075166
    ],
    [
      0.6466079537056366,
      0.47842389279440106,
      0.4061744575812333,
      0.45580288713950223,
      0.5502007104349435,
      0.5307224487159711,
      0.6498280996642551,
      0.5191966882044396,
      0.4854542330460846,
      0.471844652321637,
      0.5335698677531251,
      0.4883216948723196,
      0.4554330722105281,
      0.6224399528819814,
      0.43558444473587654,
      0.7117616057478144,
      0.486625000025207,
      0.4809685388199935,
      0.6563528706374302,
      0.49306570762030516,
      1,
      0.4522517878621046,
      0.6931302579675603,
      0.4592364485958601,
      0.48876631877375726,
      0.5215403462112375,
      0.4768056876766567,
      0.6569083467872153,
      0.5458955097487199,
      0.3924571681128136,
      0.6285940564707797,
      0.46176490177162205,
      0.5053584436226785,
      0.44041918644843986,
      0.47284928616087696,
      0.40743054510452065,
      0.7087810060778215,
      0.6109297345662568,
      0.5458694625634872,
      0.5735009753476175,
      0.41688364179903914,
      0.6968411595777926,
      0.4439487295740893,
      0.5219983145322212,
      0.4396303514186565,
      0.5216155003493324,
      0.45420841724712113,
      0.4309895798247123,
      0.796592493928395,
      0.4812380417854835
    ],
    [
      0.5111906966803398,
      0.6306357256287864,
      0.42776165312888337,
      0.5689240880672728,
      0.5527965019374096,
      0.5701973710474443,
      0.4843778098043966,
      0.6798016654465422,
      0.39632180366513076,
      0.6822408623686272,
      0.5467876908484312,
      0.5882805991858429,
      0.6665696141694858,
      0.43520147509773605,
      0.6458997449352996,
      0.46546390744447097,
      0.5412685354298581,
      0.3875603802079929,
      0.42724555201563774,
      0.5210110934875252,
      0.4522517878621046,
      1,
      0.43776247892645925,
      0.4206013789828306,
      0.5210678462184622,
      0.5241386979673947,
      0.5819279633765029,
      0.40712385797667,
      0.502330043355576,
      0.5117128888905508,
      0.4615513323658396,
      0.6708353717471729,
      0.6087822036141184,
      0.6727235375536743,
      0.7424549196867223,
      0.5264091030870219,
      0.47378774439576865,
      0.49691388480197485,
      0.45871664365997533,
      0.5276645403952973,
      0.7334223449005581,
      0.45366273427842596,
      0.6181876193349122,
      0.5353592926474555,
      0.5273191321576767,
      0.6078239239920614,
      0.3872650871296048,
      0.6302397427221353,
      0.4425031780541189,
      0.43742092697938306
    ],
    [
      0.6097730889684715,
      0.45941185797709544,
      0.39888882715770957,
      0.44156008069211444,
      0.5191630307252161,
      0.571640568640027,
      0.5913125327017072,
      0.4690705074297572,
      0.43952830882252586,
      0.4751995933841736,
      0.5881620040939755,
      0.5354228213537998,
      0.43711239161371257,
      0.5535194457336067,
      0.41068905825651103,
      0.6291889065831137,
      0.488709719718897,
      0.4457800660733442,
      0.5804709480398337,
      0.48633122519197014,
      0.6931302579675603,
      0.43776247892645925,
      1,
      0.4345141714804631,
      0.4691323132999831,
      0.5487372726749293,
      0.49091796639954,
      0.5916916770242647,
      0.6057549183926826,
      0.41955324430859253,
      0.570032106712319,
      0.44664998657719535,
      0.5308526175990802,
      0.45243261377466887,
      0.4684680409500081,
      0.4246226923739468,
      0.6571849062248258,
      0.5729817422662868,
      0.5685747246250485,
      0.5526563825038837,
      0.41505557855273145,
      0.6414612319493117,
      0.44040401043185123,
      0.5883573094480883,
      0.4340563228166602,
      0.5232040826208018,
      0.4463469180816596,
      0.46350182672219775,
      0.7293078618310483,
      0.4460115675123712
    ],
    [
      0.4493880356218215,
      0.4245238551517399,
      0.7005954884707862,
      0.5230959429260146,
      0.5152224972411169,
      0.4844508857571597,
      0.478601938112403,
      0.458404504947411,
      0.6661679472088695,
      0.4648581883429456,
      0.4359511409760115,
      0.40412927959390976,
      0.41386096483141305,
      0.5092041596488488,
      0.4200157401948977,
      0.4296529064338653,
      0.4545928610689206,
      0.6924814843125008,
      0.46985259348411074,
      0.43132037100033266,
      0.4592364485958601,
      0.4206013789828306,
      0.4345141714804631,
      1,
      0.44874000721470236,
      0.4158686913315942,
      0.42896623909319753,
      0.43791398404527915,
      0.4550708733009926,
      0.41445096328517267,
      0.4338991053676885,
      0.444269514743925,
      0.47168685561309714,
      0.41241555223592585,
      0.4350638924747947,
      0.5832198021033019,
      0.4391508404539261,
      0.456447340101478,
      0.4284304055938137,
      0.4373651393959337,
      0.41483968405892774,
      0.5144326337695956,
      0.42536429773279544,
      0.43773398788211915,
      0.5099243570882632,
      0.5220921487076449,
      0.6303017636990922,
      0.40892462622268366,
      0.4861401371117006,
      0.7405806324447585
    ],
    [
      0.5905210682304102,
      0.5055397177603963,
      0.42732440232946284,
      0.47933661224963636,
      0.5837479051094416,
      0.47906199529087984,
      0.5729894442293193,
      0.5573005549615767,
      0.4126184739013297,
      0.5189911739208259,
      0.47551377980916665,
      0.48722910444175843,
      0.5309983397539016,
      0.4717803008451969,
      0.561896274925181,
      0.5249063955629852,
      0.7092401449240749,
      0.4181233519451548,
      0.5375878740777404,
      0.7632693780545765,
      0.48876631877375726,
      0.5210678462184622,
      0.4691323132999831,
      0.44874000721470236,
      1,
      0.4588882453641318,
      0.5336082993991692,
      0.46742078523435165,
      0.5055705293943284,
      0.5563675393169879,
      0.494564154576829,
      0.5257442584406539,
      0.5375341191361694,
      0.48360332203627737,
      0.5378381736051315,
      0.44575824902949623,
      0.53199201091454,
      0.5749215904624476,
      0.5133124055863801,
      0.5882895161809193,
      0.5133828684484943,
      0.5284560253025858,
      0.5753696182826835,
      0.4910311931546095,
      0.43106753277295445,
      0.5511749791269461,
      0.4166977439154162,
      0.5056461085328248,
      0.49783631740808165,
      0.47945501390294903
    ],
    [
      0.4937857019191498,
      0.4706780818015672,
      0.37525276082253967,
      0.5418279917650942,
      0.5043793697014782,
      0.5913270645569854,
      0.5349152583057807,
      0.4950407614603892,
      0.38120836632491256,
      0.5631184497837914,
      0.6384710107878278,
      0.7203123657767269,
      0.4643907978913951,
      0.44417889410709366,
      0.4483050922476643,
      0.4786015542893985,
      0.5232087678617223,
      0.3784368303245644,
      0.45384756573368856,
      0.45228637211411926,
      0.5215403462112375,
      0.5241386979673947,
      0.5487372726749293,
      0.4158686913315942,
      0.4588882453641318,
      1,
      0.686021889705779,
      0.43500699829248446,
      0.736147718584899,
      0.44311912810705884,
      0.45814439289946585,
      0.46132192746788053,
      0.5678110919221601,
      0.6205740772024984,
      0.592380584513498,
      0.4910103899450809,
      0.4842950191468741,
      0.4835938603512792,
      0.526767330433136,
      0.4871995269381276,
      0.4494591353554311,
      0.5037767516308298,
      0.44605611458980426,
      0.7316170145007307,
      0.44642547744137817,
      0.5639196404111742,
      0.3983810344233989,
      0.5748644374721537,
      0.5316186878759362,
      0.4105989522372799
    ],
    [
      0.5146360567573016,
      0.4973574332602526,
      0.3784044052842785,
      0.5792088134348685,
      0.5204464942345736,
      0.6099951974157822,
      0.4991593040014915,
      0.5251509293255213,
      0.40522918617157194,
      0.5497507041437838,
      0.6281635074119428,
      0.684792364878035,
      0.49692276844035027,
      0.4771340209656323,
      0.486026601903652,
      0.4822505334649414,
      0.6193343861025227,
      0.39607405761435005,
      0.4609856630848155,
      0.5223614742225133,
      0.4768056876766567,
      0.5819279633765029,
      0.49091796639954,
      0.42896623909319753,
      0.5336082993991692,
      0.686021889705779,
      1,
      0.4415604706037583,
      0.6535571091995782,
      0.4902538971302449,
      0.4528519222494205,
      0.5012291450560952,
      0.6112502345382463,
      0.5770059800383139,
      0.5886523105286557,
